1755069955414,0.078836,-0.293213,9.833024
1755069955415,0.083289,-0.294171,9.839173
1755069955416,0.076069,-0.29284,9.83154
1755069955416,0.087925,-0.2926,9.83788
1755069955417,0.082945,-0.294496,9.829299
1755069955417,0.076059,-0.296498,9.821925
1755069955418,0.083404,-0.304983,9.833149
1755069955419,0.090395,-0.294152,9.841098
1755069955419,0.086201,-0.296958,9.835811
1755069955420,0.080321,-0.303384,9.82816
1755069955420,0.0774,-0.293644,9.829329
1755069955421,0.071462,-0.299649,9.834566
1755069955421,0.077333,-0.284374,9.833236
1755069955422,0.071587,-0.285456,9.834882
1755069955422,0.064845,-0.287745,9.834154
1755069955423,0.064088,-0.29826,9.839844
1755069955424,0.060707,-0.294496,9.843128
1755069955424,0.060784,-0.289938,9.829413
1755069955425,0.069432,-0.29147,9.843434
1755069955425,0.08962,-0.304083,9.836004
1755069955426,0.085349,-0.312127,9.840074
1755069955427,0.086469,-0.311332,9.834441
1755069955427,0.081077,-0.303297,9.819244
1755069955428,0.08396,-0.296393,9.823199
1755069955428,0.080273,-0.294219,9.828313
1755069955429,0.082715,-0.298107,9.839412
1755069955429,0.082188,-0.299821,9.839499
1755069955430,0.081738,-0.299543,9.838397
1755069955431,0.07808,-0.296191,9.846271
1755069955431,0.066329,-0.305969,9.835486
1755069955433,0.067191,-0.307578,9.828811
1755069955434,0.068829,-0.301124,9.827461
1755069955435,0.077247,-0.30934,9.828993
1755069955436,0.083146,-0.313535,9.835993
1755069955436,0.091286,-0.304906,9.838272
1755069955437,0.07648,-0.294793,9.83831
1755069955438,0.077812,-0.291796,9.828447
1755069955439,0.083807,-0.308756,9.827538
1755069955440,0.080378,-0.308287,9.829942
1755069955441,0.070361,-0.306094,9.830688
1755069955442,0.070399,-0.307396,9.831243
1755069955442,0.059951,-0.308048,9.833408
1755069955443,0.068082,-0.301756,9.82499
1755069955444,0.068905,-0.300022,9.823936
1755069955445,0.078032,-0.291346,9.827125
1755069955446,0.080445,-0.298461,9.836807
1755069955447,0.068685,-0.293491,9.833925
1755069955448,0.064251,-0.296201,9.838272
1755069955451,0.069365,-0.30572,9.841586
1755069955452,0.070571,-0.301698,9.841013
1755069955457,0.080378,-0.301918,9.840551
1755069955457,0.080828,-0.304533,9.835716
1755069955458,0.085234,-0.301076,9.822634
1755069955459,0.080426,-0.316791,9.822549
1755069955461,0.080234,-0.312913,9.822433
1755069955464,0.080474,-0.307396,9.822518
1755069955466,0.077955,-0.301593,9.827134
1755069955468,0.078501,-0.293807,9.826819
1755069955469,0.076471,-0.304466,9.825958
1755069955471,0.072985,-0.298825,9.828571
1755069955473,0.068522,-0.294851,9.82203
1755069955475,0.080158,-0.295962,9.828504
1755069955478,0.091861,-0.300999,9.834557
1755069955479,0.102146,-0.307243,9.836108
1755069955481,0.098095,-0.29827,9.830659
1755069955484,0.082188,-0.287649,9.824195
1755069955485,0.084534,-0.298873,9.824903
1755069955489,0.083251,-0.299888,9.825383
1755069955489,0.094695,-0.292064,9.831147
1755069955492,0.096448,-0.290646,9.840504
1755069955493,0.084506,-0.278264,9.842697
1755069955496,0.087963,-0.276798,9.83246
1755069955497,0.088375,-0.297092,9.830093
1755069955499,0.078453,-0.295042,9.834385
1755069955502,0.079861,-0.297733,9.834758
1755069955505,0.090951,-0.292955,9.830898
1755069955505,0.088978,-0.300377,9.826868
1755069955507,0.077965,-0.304839,9.828208
1755069955509,0.066224,-0.30234,9.826772
1755069955512,0.063992,-0.307923,9.828687
1755069955514,0.072496,-0.301622,9.823457
1755069955517,0.077888,-0.29397,9.823229
1755069955519,0.084448,-0.303585,9.841653
1755069955520,0.076557,-0.299744,9.842373
1755069955521,0.072334,-0.302244,9.836711
1755069955524,0.076777,-0.312549,9.831263
1755069955525,0.077467,-0.321465,9.828169
1755069955527,0.067133,-0.315805,9.828677
1755069955529,0.064098,-0.315613,9.831138
1755069955531,0.0645,-0.310806,9.83313
1755069955535,0.063714,-0.313956,9.843292
1755069955536,0.079162,-0.311179,9.847246
1755069955538,0.08735,-0.304734,9.843769
1755069955540,0.090032,-0.298011,9.845062
1755069955541,0.08101,-0.299965,9.839738
1755069955543,0.070054,-0.300664,9.831693
1755069955545,0.077074,-0.307023,9.835065
1755069955547,0.088949,-0.306036,9.829099
1755069955550,0.086641,-0.302359,9.827479
1755069955552,0.080388,-0.288645,9.824329
1755069955554,0.068062,-0.280505,9.825544
1755069955555,0.075168,-0.300597,9.816926
1755069955558,0.08848,-0.299227,9.81455
1755069955560,0.100978,-0.300999,9.816754
1755069955561,0.099474,-0.303058,9.817146
1755069955564,0.080005,-0.295617,9.826972
1755069955567,0.07061,-0.287984,9.833178
1755069955568,0.077879,-0.289181,9.830756
1755069955569,0.082389,-0.299591,9.827814
1755069955571,0.081039,-0.301832,9.823016
1755069955574,0.095663,-0.306343,9.830181
1755069955575,0.096371,-0.301928,9.823104
1755069955578,0.093652,-0.305098,9.82361
1755069955580,0.086795,-0.308162,9.833531
1755069955582,0.072879,-0.307368,9.831799
1755069955584,0.077994,-0.304724,9.822241
1755069955585,0.089888,-0.29916,9.820393
1755069955587,0.090692,-0.293979,9.836464
1755069955590,0.087494,-0.298844,9.839738
1755069955591,0.086948,-0.297571,9.834959
1755069955593,0.0722,-0.287745,9.831071
1755069955595,0.069288,-0.289411,9.822903
1755069955597,0.059395,-0.280045,9.818477
1755069955600,0.067191,-0.286739,9.821877
1755069955603,0.075025,-0.278877,9.827117
1755069955604,0.081144,-0.273667,9.827298
1755069955605,0.090214,-0.287362,9.833695
1755069955607,0.10024,-0.298509,9.835477
1755069955609,0.094083,-0.302752,9.840705
1755069955611,0.088049,-0.305874,9.845263
1755069955614,0.077658,-0.302895,9.845608
1755069955616,0.0826,-0.30256,9.848807
1755069955619,0.084218,-0.299926,9.852656
1755069955620,0.07513,-0.301459,9.848252
1755069955621,0.077275,-0.314138,9.837746
1755069955624,0.081173,-0.316169,9.832757
1755069955625,0.081422,-0.311294,9.831453
1755069955627,0.090175,-0.300185,9.837478
1755069955629,0.091545,-0.298069,9.832891
1755069955631,0.084276,-0.282966,9.82478
1755069955634,0.066319,-0.286394,9.831081
1755069955636,0.060027,-0.284632,9.835332
1755069955638,0.065266,-0.290359,9.834671
1755069955639,0.067727,-0.304274,9.842859
1755069955641,0.074134,-0.320603,9.839518
1755069955645,0.078808,-0.313995,9.835141
1755069955645,0.077984,-0.319444,9.830487
1755069955648,0.078903,-0.320315,9.825019
1755069955649,0.081259,-0.308526,9.818419
1755069955652,0.084851,-0.306199,9.821485
1755069955653,0.094035,-0.307827,9.826322
1755069955656,0.098229,-0.299802,9.83087
1755069955657,0.099015,-0.296373,9.82591
1755069955659,0.095816,-0.300281,9.824492
1755069955662,0.089917,-0.298385,9.831206
1755069955665,0.090175,-0.312319,9.836386
1755069955666,0.095241,-0.30709,9.83607
1755069955667,0.095548,-0.308019,9.835601
1755069955670,0.084257,-0.316734,9.828811
1755069955672,0.082274,-0.317107,9.831732
1755069955673,0.092502,-0.309283,9.839527
1755069955675,0.086172,-0.304188,9.838224
1755069955678,0.077898,-0.310298,9.838416
1755069955679,0.074067,-0.299993,9.834202
1755069955681,0.071577,-0.300989,9.828792
1755069955684,0.070686,-0.309972,9.818344
1755069955686,0.068311,-0.310174,9.82095
1755069955687,0.075197,-0.312807,9.816687
1755069955689,0.078779,-0.313535,9.818305
1755069955692,0.083902,-0.315498,9.820996
1755069955693,0.092905,-0.30844,9.819081
1755069955695,0.09483,-0.301918,9.826387
1755069955697,0.08576,-0.302742,9.82611
1755069955700,0.09414,-0.303843,9.820776
1755069955703,0.089141,-0.297235,9.825622
1755069955704,0.087321,-0.304782,9.832566
1755069955705,0.081202,-0.295406,9.827968
1755069955707,0.07377,-0.294085,9.822968
1755069955709,0.065515,-0.307387,9.826657
1755069955712,0.062316,-0.303259,9.833522
1755069955714,0.081527,-0.302799,9.832479
1755069955716,0.088087,-0.313142,9.838054
1755069955719,0.077955,-0.308479,9.847774
1755069955720,0.07874,-0.301918,9.848807
1755069955722,0.08147,-0.289794,9.845206
1755069955724,0.077055,-0.292887,9.844708
1755069955725,0.06903,-0.294401,9.837621
1755069955728,0.070006,-0.293385,9.82248
1755069955730,0.087427,-0.290819,9.833887
1755069955732,0.089773,-0.283464,9.827929
1755069955734,0.090826,-0.292955,9.826349
1755069955736,0.083309,-0.29328,9.831732
1755069955737,0.08078,-0.300013,9.830946
1755069955740,0.063762,-0.298959,9.833897
1755069955741,0.05567,-0.297504,9.834671
1755069955744,0.05951,-0.299543,9.838713
1755069955745,0.0611,-0.296354,9.840025
1755069955747,0.07039,-0.292093,9.83244
1755069955749,0.082102,-0.299591,9.829041
1755069955753,0.090108,-0.313707,9.827173
1755069955754,0.092943,-0.304763,9.832
1755069955755,0.089313,-0.301104,9.835065
1755069955757,0.084879,-0.296105,9.826531
1755069955759,0.090884,-0.289804,9.826215
1755069955762,0.084621,-0.297657,9.823009
1755069955764,0.083002,-0.308105,9.82452
1755069955765,0.087915,-0.307013,9.815728
1755069955768,0.085846,-0.302694,9.814263
1755069955769,0.08101,-0.295962,9.820795
1755069955772,0.088662,-0.288731,9.828878
1755069955773,0.087427,-0.292878,9.823457
1755069955776,0.098708,-0.300606,9.821322
1755069955777,0.099695,-0.301947,9.823439
1755069955780,0.086459,-0.302713,9.819177
1755069955782,0.072554,-0.299553,9.823592
1755069955784,0.08418,-0.295875,9.825958
1755069955786,0.090319,-0.301468,9.825755
1755069955788,0.089725,-0.310633,9.831923
1755069955789,0.092014,-0.3037,9.833781
1755069955792,0.091344,-0.298164,9.829481
1755069955793,0.09166,-0.302474,9.830851
1755069955796,0.095232,-0.305778,9.830295
1755069955797,0.091008,-0.298423,9.82885
1755069955801,0.077323,-0.294305,9.823936
1755069955801,0.079344,-0.289708,9.829693
1755069955804,0.085186,-0.300453,9.832259
1755069955805,0.080934,-0.301392,9.825401
1755069955807,0.091602,-0.300788,9.822701
1755069955810,0.090941,-0.291154,9.826724
1755069955812,0.088097,-0.28243,9.826657
1755069955814,0.077017,-0.278235,9.829912
1755069955816,0.075379,-0.279748,9.821121
1755069955818,0.079899,-0.276051,9.814475
1755069955819,0.085234,-0.293453,9.822184
1755069955821,0.092636,-0.303518,9.831339
1755069955823,0.096889,-0.299946,9.832958
1755069955825,0.096189,-0.308689,9.828208
1755069955828,0.100585,-0.307396,9.825248
1755069955830,0.092071,-0.295339,9.835696
1755069955831,0.089227,-0.292208,9.836635
1755069955834,0.086459,-0.298816,9.829127
1755069955836,0.097588,-0.292016,9.827374
1755069955837,0.086526,-0.300128,9.830697
1755069955839,0.071347,-0.300769,9.837105
1755069955841,0.065659,-0.300999,9.845139
1755069955844,0.066061,-0.306946,9.83672
1755069955845,0.065381,-0.321589,9.825994
1755069955848,0.062604,-0.318209,9.819819
1755069955849,0.084803,-0.304025,9.823409
1755069955852,0.082495,-0.290886,9.829922
1755069955854,0.073885,-0.29871,9.831846
1755069955855,0.068982,-0.294544,9.826207
1755069955857,0.081796,-0.291202,9.827681
1755069955859,0.089658,-0.295464,9.825248
1755069955861,0.086038,-0.300836,9.830093
1755069955864,0.071644,-0.3046,9.832929
1755069955866,0.070964,-0.312759,9.83607
1755069955868,0.080053,-0.312482,9.82998
1755069955869,0.081977,-0.304456,9.836549
1755069955871,0.070466,-0.308057,9.847774
1755069955874,0.060209,-0.30438,9.846403
1755069955875,0.071472,-0.297034,9.84171
1755069955878,0.07082,-0.302627,9.82929
1755069955879,0.072822,-0.306391,9.837985
1755069955881,0.077036,-0.309321,9.834059
1755069955884,0.077582,-0.297733,9.828332
1755069955885,0.0765,-0.296105,9.833282
1755069955887,0.087637,-0.291183,9.831195
1755069955889,0.085914,-0.284556,9.821705
1755069955891,0.088289,-0.283282,9.823889
1755069955894,0.09007,-0.285638,9.840178
1755069955896,0.078568,-0.294056,9.837583
1755069955897,0.072918,-0.294362,9.826943
1755069955901,0.070313,-0.288099,9.820881
1755069955901,0.068819,-0.301803,9.82293
1755069955904,0.075638,-0.306946,9.818602
1755069955905,0.073971,-0.300501,9.815701
1755069955907,0.06879,-0.292112,9.821733
1755069955909,0.068848,-0.309513,9.828151
1755069955912,0.076356,-0.310336,9.834299
1755069955914,0.074297,-0.304351,9.839067
1755069955916,0.075302,-0.299744,9.83313
1755069955917,0.066358,-0.299314,9.831693
1755069955919,0.055737,-0.304293,9.836281
1755069955921,0.068302,-0.303307,9.827192
1755069955924,0.065218,-0.299687,9.822269
1755069955925,0.067919,-0.302359,9.816131
1755069955928,0.066693,-0.300606,9.830362
1755069955930,0.063695,-0.298614,9.829223
1755069955931,0.072717,-0.300051,9.839173
1755069955935,0.075379,-0.295071,9.836368
1755069955935,0.072382,-0.308728,9.826186
1755069955938,0.082935,-0.308297,9.834767
1755069955940,0.081901,-0.31863,9.825603
1755069955941,0.082945,-0.307301,9.835784
1755069955943,0.087264,-0.298595,9.828753
1755069955945,0.073761,-0.296278,9.830247
1755069955948,0.062029,-0.293778,9.835726
1755069955950,0.053802,-0.288913,9.822979
1755069955951,0.059769,-0.281434,9.826962
1755069955954,0.073454,-0.277411,9.823918
1755069955955,0.080685,-0.286184,9.816227
1755069955957,0.077304,-0.29283,9.825439
1755069955959,0.078243,-0.295885,9.85034
1755069955961,0.072611,-0.2994,9.847648
1755069955964,0.062805,-0.300597,9.840839
1755069955966,0.061991,-0.29554,9.826234
1755069955968,0.05681,-0.294343,9.819607
1755069955969,0.071357,-0.28422,9.819703
1755069955971,0.082897,-0.287448,9.81868
1755069955973,0.081001,-0.290283,9.815432
1755069955975,0.079985,-0.299754,9.814896
1755069955978,0.084659,-0.29826,9.817395
1755069955979,0.101323,-0.289871,9.814493
1755069955981,0.098124,-0.300214,9.818209
1755069955984,0.082293,-0.296287,9.825143
1755069955985,0.092215,-0.273705,9.825487
1755069955987,0.08531,-0.275611,9.829539
1755069955990,0.076768,-0.286873,9.82725
1755069955991,0.081891,-0.297427,9.832727
1755069955994,0.083835,-0.298777,9.8234
1755069955996,0.065936,-0.298452,9.822423
1755069955998,0.0629,-0.307396,9.830018
1755069956000,0.070504,-0.305672,9.825324
1755069956002,0.076385,-0.302407,9.817386
1755069956004,0.083117,-0.302934,9.825755
1755069956005,0.083816,-0.307961,9.824319
1755069956007,0.084659,-0.296603,9.822165
1755069956010,0.080771,-0.290321,9.827011
1755069956011,0.08305,-0.298059,9.81955
1755069956014,0.075427,-0.295655,9.822213
1755069956015,0.079612,-0.284795,9.819435
1755069956018,0.082207,-0.28694,9.808757
1755069956020,0.076854,-0.30189,9.813824
1755069956021,0.069154,-0.310672,9.817117
1755069956023,0.061847,-0.313707,9.826895
1755069956025,0.071433,-0.313478,9.824693
1755069956028,0.071951,-0.308019,9.827278
1755069956029,0.065572,-0.307789,9.824329
1755069956031,0.058428,-0.311505,9.825143
1755069956034,0.067574,-0.307904,9.827068
1755069956036,0.066568,-0.313123,9.826609
1755069956037,0.072832,-0.312204,9.828217
1755069956040,0.069499,-0.303518,9.832862
1755069956041,0.077352,-0.304341,9.824569
1755069956044,0.080397,-0.299084,9.824693
1755069956045,0.078855,-0.298959,9.832832
1755069956047,0.070763,-0.295215,9.833925
1755069956050,0.071165,-0.291202,9.826571
1755069956051,0.0722,-0.292514,9.826704
1755069956053,0.069221,-0.291499,9.819914
1755069956056,0.066712,-0.293309,9.816476
1755069956057,0.075944,-0.29056,9.827527
1755069956059,0.079325,-0.288348,9.826684
1755069956061,0.086335,-0.284469,9.833945
1755069956064,0.084314,-0.287831,9.831321
1755069956066,0.074508,-0.290915,9.832106
1755069956068,0.073875,-0.289325,9.835831
1755069956069,0.076088,-0.286375,9.842582
1755069956072,0.0715,-0.279499,9.842075
1755069956074,0.080876,-0.286576,9.834614
1755069956075,0.078233,-0.297484,9.841567
1755069956077,0.079258,-0.308929,9.835341
1755069956079,0.090328,-0.299744,9.836931
1755069956082,0.091104,-0.30143,9.82769
1755069956084,0.090146,-0.297561,9.827461
1755069956085,0.080943,-0.295042,9.835765
1755069956088,0.085128,-0.292983,9.841653
1755069956089,0.075743,-0.30029,9.832009
1755069956091,0.066367,-0.312951,9.828034
1755069956093,0.066865,-0.314531,9.832172
1755069956095,0.062412,-0.299563,9.838954
1755069956097,0.069987,-0.294085,9.829626
1755069956100,0.086258,-0.289785,9.831416
1755069956101,0.09368,-0.29827,9.830544
1755069956103,0.097463,-0.318276,9.824819
1755069956105,0.087934,-0.320612,9.815977
1755069956108,0.075762,-0.319042,9.821475
1755069956109,0.08193,-0.316044,9.822433
1755069956111,0.088873,-0.30505,9.834146
1755069956114,0.086431,-0.287591,9.827814
1755069956116,0.081001,-0.2865,9.82726
1755069956118,0.074986,-0.301373,9.827479
1755069956120,0.075398,-0.293769,9.830563
1755069956122,0.069815,-0.292715,9.827968
1755069956124,0.080033,-0.2908,9.819484
1755069956125,0.078252,-0.290608,9.826004
1755069956127,0.067469,-0.282813,9.832661
1755069956129,0.07242,-0.288396,9.828341
1755069956132,0.078204,-0.300386,9.836644
1755069956134,0.070868,-0.304092,9.835907
1755069956135,0.073081,-0.30391,9.834701
1755069956137,0.068503,-0.310662,9.834989
1755069956140,0.064749,-0.294314,9.828571
1755069956142,0.076873,-0.284355,9.831981
1755069956143,0.086833,-0.287304,9.83268
1755069956146,0.084094,-0.289583,9.842842
1755069956147,0.080321,-0.290024,9.835831
1755069956150,0.083213,-0.309139,9.833915
1755069956152,0.08395,-0.303403,9.831407
1755069956153,0.087321,-0.30392,9.837688
1755069956156,0.089055,-0.313487,9.836856
1755069956157,0.072879,-0.316542,9.836578
1755069956159,0.080359,-0.302656,9.83335
1755069956161,0.088059,-0.294889,9.836531
1755069956164,0.085846,-0.288722,9.830697
1755069956166,0.083969,-0.288836,9.828571
1755069956168,0.079535,-0.297092,9.824828
1755069956169,0.070255,-0.293596,9.834106
1755069956171,0.073291,-0.293108,9.825019
1755069956174,0.083462,-0.28242,9.825564
1755069956175,0.087791,-0.285456,9.826772
1755069956177,0.077103,-0.292399,9.828494
1755069956179,0.076959,-0.306764,9.825947
1755069956182,0.081853,-0.314608,9.838799
1755069956184,0.075858,-0.315968,9.828027
1755069956185,0.077141,-0.310011,9.822442
1755069956187,0.077792,-0.298605,9.831713
1755069956190,0.082207,-0.301966,9.836081
1755069956192,0.102615,-0.307617,9.828447
1755069956193,0.100671,-0.307933,9.825612
1755069956196,0.095701,-0.305261,9.822566
1755069956197,0.085454,-0.300262,9.821006
1755069956200,0.079535,-0.294841,9.816591
1755069956202,0.073588,-0.290493,9.822462
1755069956204,0.064308,-0.292389,9.826407
1755069956205,0.065151,-0.299448,9.829261
1755069956208,0.068627,-0.301526,9.829107
1755069956210,0.06789,-0.315814,9.827489
1755069956212,0.072535,-0.318496,9.827642
1755069956215,0.079401,-0.309379,9.824741
1755069956216,0.07648,-0.292686,9.825937
1755069956219,0.065984,-0.274893,9.825469
1755069956220,0.069681,-0.281233,9.83154
1755069956221,0.070179,-0.274711,9.828361
1755069956224,0.068896,-0.276262,9.831702
1755069956225,0.076768,-0.288022,9.827939
1755069956227,0.078913,-0.290953,9.833379
1755069956229,0.082226,-0.293941,9.834385
1755069956232,0.091047,-0.301669,9.83585
1755069956235,0.095864,-0.299486,9.833426
1755069956236,0.087331,-0.293922,9.832086
1755069956238,0.081872,-0.302005,9.827509
1755069956240,0.088633,-0.307636,9.831206
1755069956241,0.090376,-0.304791,9.865509
1755069956244,0.072927,-0.308153,9.771751
1755069956245,0.072343,-0.309053,9.877883
1755069956247,0.075571,-0.31795,9.825804
1755069956251,0.080024,-0.315326,9.853539
1755069956252,0.088135,-0.309819,9.811219
1755069956253,0.091133,-0.318984,9.845062
1755069956255,0.074488,-0.31908,9.82117
1755069956257,0.073741,-0.315939,9.831291
1755069956260,0.075973,-0.308373,9.834767
1755069956262,0.082035,-0.285973,9.829155
1755069956264,0.071567,-0.290627,9.829174
1755069956266,0.069403,-0.29713,9.848969
1755069956267,0.07354,-0.285264,9.836166
1755069956270,0.079104,-0.298499,9.827748
1755069956272,0.089227,-0.310576,9.823831
1755069956274,0.088432,-0.304322,9.827288
1755069956275,0.077524,-0.294228,9.825813
1755069956277,0.076241,-0.291652,9.823984
1755069956280,0.081116,-0.300185,9.821964
1755069956281,0.077658,-0.30256,9.827422
1755069956285,0.073406,-0.300836,9.826733
1755069956286,0.069212,-0.298614,9.831779
1755069956288,0.076298,-0.289583,9.834088
1755069956290,0.082428,-0.280533,9.822759
1755069956291,0.09051,-0.290637,9.822299
1755069956293,0.083443,-0.297551,9.824655
1755069956296,0.070849,-0.298643,9.83901
1755069956297,0.072267,-0.294171,9.833982
1755069956300,0.074747,-0.291882,9.851911
1755069956301,0.071108,-0.296163,9.83471
1755069956304,0.085521,-0.284402,9.833168
1755069956306,0.095328,-0.289296,9.812214
1755069956307,0.08735,-0.302742,9.818727
1755069956310,0.083922,-0.302752,9.822883
1755069956312,0.085253,-0.299428,9.833275
1755069956314,0.095213,-0.292476,9.872509
1755069956316,0.089332,-0.292897,9.811755
1755069956318,0.086507,-0.307511,9.845915
1755069956320,0.082169,-0.299783,9.823505
1755069956322,0.079976,-0.297408,9.837976
1755069956324,0.0792,-0.296776,9.822959
1755069956326,0.073004,-0.296891,9.843532
1755069956328,0.075063,-0.291949,9.826742
1755069956329,0.073579,-0.293491,9.83449
1755069956332,0.07966,-0.304734,9.826349
1755069956335,0.084295,-0.294678,9.834691
1755069956336,0.078396,-0.289459,9.842304
1755069956337,0.087953,-0.299783,9.836578
1755069956340,0.094782,-0.315546,9.824693
1755069956341,0.089534,-0.305174,9.82679
1755069956344,0.085645,-0.298911,9.830123
1755069956346,0.081479,-0.302234,9.841193
1755069956348,0.086287,-0.292016,9.852101
1755069956350,0.081671,-0.29917,9.836118
1755069956352,0.080819,-0.29306,9.835495
1755069956354,0.087791,-0.289507,9.833838
1755069956355,0.080531,-0.29487,9.826198
1755069956357,0.085272,-0.305242,9.819607
1755069956359,0.097185,-0.295377,9.825708
1755069956361,0.092531,-0.301114,9.82769
1755069956364,0.087542,-0.308737,9.82027
1755069956366,0.101227,-0.311505,9.825823
1755069956368,0.098239,-0.316619,9.824721
1755069956369,0.087589,-0.314205,9.836205
1755069956371,0.093307,-0.314052,9.842717
1755069956374,0.111876,-0.309589,9.819972
1755069956376,0.095701,-0.298308,9.828034
1755069956377,0.085885,-0.291298,9.802045
1755069956379,0.08487,-0.2978,9.808431
1755069956382,0.088384,-0.293864,9.806928
1755069956384,0.07989,-0.298442,9.82251
1755069956385,0.076806,-0.302416,9.814503
1755069956388,0.089103,-0.302407,9.824741
1755069956389,0.083931,-0.29848,9.811199
1755069956391,0.089438,-0.296259,9.845572
1755069956393,0.086948,-0.29464,9.814254
1755069956395,0.075101,-0.291729,9.834635
1755069956398,0.069231,-0.299754,9.826799
1755069956400,0.06404,-0.304724,9.832747
1755069956401,0.073866,-0.306247,9.815174
1755069956404,0.074881,-0.289679,9.844833
1755069956406,0.072314,-0.293366,9.829079
1755069956407,0.084132,-0.290484,9.823658
1755069956409,0.087628,-0.301612,9.847437
1755069956411,0.083864,-0.29373,9.816466
1755069956414,0.084621,-0.292093,9.819733
1755069956416,0.081843,-0.302148,9.845792
1755069956417,0.082447,-0.299448,9.818295
1755069956419,0.07581,-0.297848,9.829193
1755069956421,0.076844,-0.296862,9.827844
1755069956424,0.062891,-0.293922,9.80753
1755069956425,0.072401,-0.296172,9.823735
1755069956427,0.071577,-0.303336,9.804927
1755069956429,0.071242,-0.300013,9.836807
1755069956432,0.056043,-0.30142,9.7974
1755069956434,0.063197,-0.307875,9.859658
1755069956435,0.073492,-0.29916,9.838416
1755069956437,0.084276,-0.304447,9.839125
1755069956439,0.085224,-0.304696,9.855578
1755069956441,0.08781,-0.310614,9.836501
1755069956444,0.080991,-0.309369,9.837296
1755069956446,0.069432,-0.307243,9.82885
1755069956448,0.066741,-0.301516,9.821916
1755069956450,0.066023,-0.293625,9.822099
1755069956451,0.067497,-0.306621,9.850856
1755069956453,0.075762,-0.309982,9.805224
1755069956455,0.081365,-0.300568,9.860682
1755069956457,0.0801,-0.284096,9.815174
1755069956459,0.081575,-0.285887,9.828494
1755069956461,0.082198,-0.294487,9.835439
1755069956464,0.088796,-0.301296,9.810892
1755069956466,0.085511,-0.309005,9.816026
1755069956467,0.083883,-0.314081,9.845734
1755069956469,0.070955,-0.300252,9.801066
1755069956471,0.077151,-0.307732,9.852649
1755069956474,0.078894,-0.305136,9.813929
1755069956476,0.075369,-0.299831,9.819224
1755069956478,0.097157,-0.303259,9.854486
1755069956479,0.092205,-0.311993,9.746614
1755069956481,0.087494,-0.307837,9.80756
1755069956484,0.107251,-0.297542,9.927126
1755069956485,0.088815,-0.302062,9.7897
1755069956487,0.070466,-0.301899,9.814953
1755069956490,0.079612,-0.298863,9.837334
1755069956491,0.072851,-0.293031,9.837469
1755069956494,0.095577,-0.288932,9.873775
1755069956495,0.080388,-0.291279,9.763813
1755069956498,0.077984,-0.300386,9.824635
1755069956500,0.087436,-0.286289,9.927615
1755069956501,0.076097,-0.298078,9.793425
1755069956503,0.072113,-0.300357,9.799956
1755069956505,0.084075,-0.297015,9.82838
1755069956507,0.077974,-0.294276,9.825114
1755069956510,0.098967,-0.293749,9.877547
1755069956511,0.097789,-0.298701,9.779959
1755069956514,0.088988,-0.297178,9.827049
1755069956516,0.104703,-0.294985,9.879703
1755069956518,0.091008,-0.290541,9.819147
1755069956519,0.092933,-0.302148,9.855061
1755069956521,0.08169,-0.288176,9.794162
1755069956524,0.060573,-0.282583,9.814455
1755069956525,0.067267,-0.286538,9.925958
1755069956528,0.058802,-0.294966,9.797543
1755069956530,0.064787,-0.298183,9.782918
1755069956531,0.080187,-0.301554,9.852092
1755069956534,0.074785,-0.302732,9.850722
1755069956536,0.097013,-0.303489,9.870749
1755069956538,0.080311,-0.306793,9.78857
1755069956539,0.074757,-0.303192,9.845245
1755069956541,0.094973,-0.291317,9.870499
1755069956543,0.078453,-0.297293,9.818936
1755069956545,0.079938,-0.312003,9.860826
1755069956547,0.080876,-0.308258,9.797207
1755069956550,0.077419,-0.303728,9.835447
1755069956552,0.087408,-0.301143,9.930018
1755069956554,0.08192,-0.306975,9.800282
1755069956555,0.088796,-0.298404,9.798548
1755069956557,0.089553,-0.304179,9.844249
1755069956560,0.087906,-0.309178,9.846441
1755069956561,0.098191,-0.298959,9.876867
1755069956564,0.072439,-0.299639,9.75233
1755069956566,0.05317,-0.297638,9.84015
1755069956568,0.07514,-0.301746,9.90327
1755069956569,0.082284,-0.297456,9.798443
1755069956571,0.085253,-0.300779,9.791002
1755069956574,0.068991,-0.301344,9.821656
1755069956575,0.07039,-0.286433,9.853116
1755069956577,0.082035,-0.295081,9.879051
1755069956579,0.081125,-0.304437,9.770556
1755069956582,0.085109,-0.298174,9.815517
1755069956584,0.103707,-0.297695,9.908347
1755069956586,0.086546,-0.299879,9.808613
1755069956587,0.076346,-0.30007,9.815528
1755069956589,0.086,-0.286672,9.848751
1755069956591,0.07445,-0.294094,9.821896
1755069956593,0.086067,-0.294717,9.812721
1755069956595,0.082083,-0.303882,9.820632
1755069956598,0.075657,-0.296575,9.867654
1755069956600,0.081738,-0.29895,9.84899
1755069956601,0.075408,-0.303029,9.785707
1755069956604,0.079009,-0.284134,9.865662
1755069956605,0.082801,-0.285063,9.855981
1755069956608,0.083902,-0.294142,9.766677
1755069956609,0.082562,-0.291604,9.869177
1755069956612,0.07671,-0.293998,9.879846
1755069956614,0.070169,-0.293587,9.760873
1755069956617,0.073598,-0.266561,9.864072
1755069956618,0.083127,-0.282008,9.882681
1755069956619,0.069164,-0.295033,9.756774
1755069956621,0.071644,-0.288722,9.854035
1755069956623,0.082523,-0.295272,9.859169
1755069956625,0.085655,-0.305146,9.794985
1755069956628,0.088356,-0.290646,9.852494
1755069956629,0.079076,-0.283837,9.787774
1755069956631,0.073301,-0.289842,9.85461
1755069956633,0.075312,-0.292294,9.813899
1755069956636,0.080349,-0.290895,9.773322
1755069956637,0.089514,-0.291824,9.919053
1755069956639,0.080991,-0.299026,9.782401
1755069956641,0.082466,-0.30504,9.813038
1755069956644,0.087111,-0.302273,9.85711
1755069956645,0.079765,-0.310834,9.826062
1755069956648,0.080302,-0.294765,9.81867
1755069956650,0.089036,-0.297992,9.808595
1755069956651,0.087762,-0.309838,9.87886
1755069956653,0.079641,-0.310624,9.762521
1755069956655,0.089543,-0.304408,9.851959
1755069956657,0.088854,-0.301315,9.824759
1755069956659,0.089878,-0.299409,9.845666
1755069956661,0.095615,-0.296996,9.818794
1755069956665,0.085597,-0.304246,9.796067
1755069956666,0.088595,-0.308335,9.853355
1755069956667,0.084295,-0.303882,9.826561
1755069956669,0.080388,-0.29826,9.814244
1755069956672,0.077199,-0.286404,9.78971
1755069956674,0.074814,-0.288932,9.8897
1755069956676,0.079669,-0.300118,9.807876
1755069956677,0.086316,-0.301286,9.822634
1755069956679,0.084889,-0.301823,9.798281
1755069956681,0.094169,-0.30324,9.868334
1755069956684,0.084611,-0.310336,9.834949
1755069956686,0.073425,-0.305117,9.831206
1755069956688,0.074364,-0.298212,9.787649
1755069956689,0.082418,-0.296824,9.875565
1755069956692,0.066865,-0.287065,9.824233
1755069956693,0.077084,-0.287247,9.813843
1755069956695,0.075082,-0.283761,9.807734
1755069956698,0.074881,-0.288463,9.860003
1755069956700,0.078137,-0.29894,9.849516
1755069956702,0.064509,-0.2969,9.812483
1755069956703,0.062527,-0.291824,9.795474
1755069956706,0.065975,-0.287266,9.823812
1755069956708,0.084391,-0.283608,9.861382
1755069956709,0.072726,-0.292524,9.820795
1755069956712,0.068139,-0.304514,9.813335
1755069956714,0.07446,-0.311227,9.79423
1755069956716,0.087637,-0.322595,9.852542
1755069956717,0.092713,-0.317557,9.876552
1755069956719,0.090242,-0.3132,9.822012
1755069956721,0.085511,-0.306573,9.812664
1755069956724,0.079909,-0.306238,9.785926
1755069956725,0.087676,-0.30685,9.876915
1755069956727,0.097645,-0.303652,9.836511
1755069956729,0.094083,-0.301813,9.822566
1755069956732,0.091028,-0.291748,9.7752
1755069956735,0.091947,-0.286835,9.811917
1755069956736,0.086354,-0.283895,9.866102
1755069956737,0.08713,-0.293271,9.81026
1755069956740,0.081671,-0.287323,9.816171
1755069956741,0.077438,-0.304188,9.776291
1755069956743,0.089342,-0.299294,9.86933
1755069956745,0.085674,-0.30097,9.847437
1755069956748,0.082753,-0.288607,9.829481
1755069956750,0.080752,-0.291959,9.806229
1755069956752,0.086182,-0.306305,9.841779
1755069956753,0.094025,-0.306372,9.859658
1755069956756,0.094724,-0.292849,9.822749
1755069956757,0.10296,-0.284661,9.838704
1755069956759,0.104473,-0.294592,9.822174
1755069956761,0.092464,-0.294219,9.846826
1755069956765,0.071117,-0.2892,9.821226
1755069956766,0.069327,-0.294621,9.827929
1755069956768,0.084755,-0.311534,9.827594
1755069956769,0.094648,-0.309455,9.826445
1755069956772,0.081001,-0.298681,9.824807
1755069956773,0.075848,-0.289018,9.825248
1755069956775,0.086134,-0.284939,9.825525
1755069956778,0.093374,-0.294046,9.821714
1755069956779,0.100738,-0.296555,9.824569
1755069956782,0.090233,-0.294927,9.842315
1755069956784,0.087091,-0.299361,9.823563
1755069956786,0.073943,-0.297178,9.812319
1755069956788,0.072037,-0.302014,9.828074
1755069956789,0.082025,-0.295952,9.84012
1755069956791,0.079593,-0.29713,9.825899
1755069956793,0.081518,-0.299706,9.82611
1755069956795,0.087704,-0.293156,9.82724
1755069956798,0.089581,-0.291681,9.832191
1755069956800,0.082686,-0.296977,9.839527
1755069956801,0.079229,-0.294305,9.833486
1755069956804,0.087475,-0.290886,9.83946
1755069956806,0.084544,-0.290608,9.827977
1755069956807,0.078788,-0.299601,9.850829
1755069956809,0.07672,-0.296182,9.840456
1755069956811,0.088566,-0.291508,9.845589
1755069956814,0.082973,-0.291738,9.828274
1755069956816,0.074642,-0.304035,9.827594
1755069956818,0.083433,-0.301248,9.824224
1755069956820,0.078578,-0.291077,9.82679
1755069956821,0.075274,-0.278331,9.836031
1755069956823,0.079267,-0.277488,9.838954
1755069956826,0.079804,-0.269951,9.833437
1755069956828,0.064883,-0.266034,9.833657
1755069956829,0.069365,-0.276272,9.837621
1755069956831,0.071912,-0.289804,9.830468
1755069956834,0.078539,-0.295263,9.830996
1755069956835,0.086143,-0.284201,9.828257
1755069956837,0.078453,-0.293606,9.815116
1755069956840,0.080953,-0.299591,9.811908
1755069956841,0.090539,-0.313621,9.805673
1755069956844,0.087101,-0.301689,9.82522
1755069956846,0.073847,-0.291997,9.831472
1755069956847,0.069872,-0.290397,9.83763
1755069956850,0.068896,-0.302225,9.827364
1755069956852,0.077428,-0.312395,9.828427
1755069956853,0.081939,-0.309829,9.821101
1755069956855,0.080081,-0.313391,9.817922
1755069956857,0.078262,-0.320143,9.829539
1755069956861,0.08191,-0.3261,9.821571
1755069956861,0.072765,-0.329634,9.841949
1755069956864,0.073253,-0.33855,9.827269
1755069956866,0.081326,-0.327307,9.836329
1755069956868,0.085138,-0.320689,9.840819
1755069956869,0.085502,-0.314387,9.834777
1755069956872,0.088164,-0.3107,9.826254
1755069956873,0.084171,-0.299036,9.829931
1755069956876,0.086689,-0.292773,9.839336
1755069956878,0.088442,-0.294554,9.842629
1755069956880,0.085176,-0.291719,9.829492
1755069956881,0.082648,-0.284671,9.829903
1755069956884,0.063121,-0.285102,9.827354
1755069956885,0.061138,-0.281357,9.842036
1755069956887,0.06699,-0.297255,9.832832
1755069956890,0.073741,-0.303824,9.843569
1755069956892,0.074709,-0.30301,9.842458
1755069956894,0.081211,-0.302407,9.838464
1755069956896,0.081594,-0.296402,9.83947
1755069956898,0.074201,-0.288808,9.853559
1755069956900,0.062259,-0.30233,9.777528
1755069956901,0.07512,-0.309666,9.872749
1755069956903,0.07536,-0.314071,9.797552
1755069956906,0.068618,-0.307329,9.848741
1755069956908,0.08621,-0.301478,9.830946
1755069956910,0.085684,-0.305692,9.834787
1755069956911,0.077026,-0.306017,9.82747
1755069956914,0.086325,-0.294065,9.837918
1755069956916,0.086823,-0.290417,9.825584
1755069956917,0.082638,-0.293883,9.83585
1755069956920,0.083586,-0.292121,9.841175
1755069956922,0.089706,-0.304255,9.832028
1755069956924,0.088652,-0.304571,9.840245
1755069956925,0.095682,-0.302704,9.821514
1755069956928,0.095069,-0.305309,9.818812
1755069956930,0.081479,-0.312721,9.831837
1755069956932,0.079717,-0.305902,9.81934
1755069956934,0.082399,-0.316446,9.820526
1755069956936,0.089486,-0.311332,9.820852
1755069956937,0.083519,-0.306487,9.828427
1755069956939,0.084132,-0.30391,9.816171
1755069956941,0.083251,-0.296498,9.821649
1755069956944,0.089399,-0.289459,9.825508
1755069956946,0.089696,-0.288712,9.819253
1755069956947,0.078243,-0.289727,9.830152
1755069956949,0.085195,-0.301267,9.842966
1755069956952,0.082361,-0.316255,9.82566
1755069956954,0.072621,-0.305577,9.835094
1755069956955,0.0808,-0.303202,9.836893
1755069956957,0.087829,-0.29034,9.826598
1755069956959,0.092598,-0.293156,9.847965
1755069956961,0.093834,-0.294563,9.824549
1755069956964,0.095902,-0.292131,9.840639
1755069956966,0.08193,-0.288463,9.831282
1755069956967,0.079717,-0.294544,9.829329
1755069956969,0.089026,-0.296689,9.829741
1755069956972,0.089907,-0.291077,9.825871
1755069956973,0.072736,-0.288185,9.829768
1755069956976,0.071414,-0.291796,9.820422
1755069956977,0.073799,-0.288406,9.834192
1755069956979,0.090463,-0.309752,9.85126
1755069956982,0.081537,-0.321627,9.798079
1755069956984,0.087149,-0.324261,9.88927
1755069956986,0.076452,-0.302589,9.769291
1755069956987,0.083251,-0.301325,9.877317
1755069956989,0.084008,-0.304715,9.789881
1755069956991,0.072161,-0.288271,9.855165
1755069956994,0.078616,-0.295971,9.817596
1755069956995,0.070485,-0.295444,9.797379
1755069956997,0.084065,-0.298375,9.885592
1755069957000,0.069863,-0.291547,9.776637
1755069957001,0.072046,-0.295751,9.898156
1755069957004,0.072228,-0.301066,9.77949
1755069957005,0.067698,-0.311093,9.871744
1755069957008,0.073741,-0.295444,9.803595
1755069957009,0.070428,-0.28944,9.850377
1755069957011,0.089409,-0.301612,9.830783
1755069957015,0.075887,-0.296498,9.798692
1755069957016,0.094628,-0.299371,9.871629
1755069957018,0.0792,-0.28446,9.756448
1755069957019,0.081585,-0.290005,9.908777
1755069957022,0.06993,-0.292533,9.778418
1755069957024,0.068809,-0.30595,9.872395
1755069957025,0.091669,-0.296211,9.783973
1755069957027,0.085588,-0.310614,9.865356
1755069957029,0.085942,-0.300827,9.798769
1755069957033,0.076174,-0.300482,9.847102
1755069957034,0.085358,-0.30708,9.832498
1755069957036,0.073224,-0.300357,9.798817
1755069957038,0.086565,-0.304916,9.871715
1755069957040,0.078463,-0.296919,9.777096
1755069957042,0.098833,-0.310442,9.89287
1755069957044,0.082504,-0.296891,9.774874
1755069957045,0.086938,-0.303652,9.91029
1755069957048,0.080483,-0.295636,9.791413
1755069957050,0.073617,-0.303364,9.870968
1755069957052,0.065639,-0.290666,9.787133
1755069957054,0.064356,-0.292725,9.867654
1755069957056,0.071204,-0.292284,9.774577
1755069957057,0.077189,-0.292533,9.839203
1755069957059,0.079765,-0.301516,9.815681
1755069957061,0.072851,-0.299036,9.843932
1755069957064,0.086086,-0.304064,9.835927
1755069957066,0.071137,-0.305941,9.820153
1755069957068,0.074335,-0.321072,9.859754
1755069957069,0.065457,-0.305222,9.786069
1755069957072,0.075369,-0.306803,9.867329
1755069957073,0.065821,-0.291087,9.779654
1755069957075,0.076653,-0.294544,9.878638
1755069957078,0.068436,-0.285245,9.781453
1755069957079,0.073655,-0.287697,9.890074
1755069957082,0.076528,-0.28852,9.784078
1755069957084,0.093374,-0.290551,9.872577
1755069957085,0.09686,-0.289497,9.78902
1755069957087,0.084831,-0.305797,9.865385
1755069957089,0.098373,-0.299735,9.797954
1755069957092,0.091583,-0.291614,9.837957
1755069957094,0.1032,-0.303393,9.819014
1755069957095,0.0887,-0.294219,9.810432
1755069957097,0.091382,-0.292265,9.852206
1755069957100,0.072439,-0.276655,9.787975
1755069957102,0.081805,-0.292744,9.864273
1755069957103,0.067689,-0.289967,9.789996
1755069957106,0.06563,-0.296029,9.872529
1755069957107,0.064193,-0.291192,9.78787
1755069957110,0.080675,-0.296584,9.870203
1755069957112,0.083491,-0.299304,9.79306
1755069957114,0.077706,-0.300539,9.871006
1755069957116,0.076116,-0.298442,9.818697
1755069957118,0.07309,-0.290637,9.828553
1755069957119,0.080024,-0.289478,9.853806
1755069957122,0.07921,-0.290857,9.790351
1755069957124,0.088767,-0.317347,9.864341
1755069957125,0.080608,-0.312032,9.786165
1755069957127,0.077553,-0.305893,9.863728
1755069957129,0.061828,-0.300329,9.784135
1755069957132,0.066482,-0.306008,9.87887
1755069957134,0.080847,-0.310528,9.816591
1755069957135,0.074709,-0.306305,9.825899
1755069957137,0.089859,-0.309436,9.853643
1755069957140,0.074613,-0.304677,9.79623
1755069957141,0.073694,-0.29601,9.883964
1755069957143,0.058055,-0.286634,9.785178
1755069957145,0.073512,-0.295636,9.874875
1755069957148,0.073885,-0.29352,9.802111
1755069957150,0.062862,-0.29871,9.825861
1755069957152,0.079133,-0.297925,9.836569
1755069957153,0.064031,-0.302503,9.794124
1755069957156,0.069288,-0.301985,9.881856
1755069957157,0.06789,-0.292246,9.790504
1755069957159,0.071816,-0.298365,9.857733
1755069957161,0.077869,-0.300415,9.806181
1755069957165,0.070188,-0.299773,9.817942
1755069957167,0.086565,-0.299965,9.870336
1755069957167,0.077141,-0.291508,9.810855
1755069957169,0.085799,-0.290579,9.84987
1755069957172,0.081288,-0.293587,9.821514
1755069957173,0.075561,-0.300884,9.824453
1755069957175,0.079507,-0.300386,9.883225
1755069957177,0.080292,-0.299677,9.819396
1755069957179,0.08735,-0.302369,9.827902
1755069957182,0.085492,-0.302177,9.836558
1755069957184,0.077074,-0.298136,9.816266
1755069957185,0.086555,-0.296986,9.873315
1755069957187,0.093585,-0.293271,9.812196
1755069957190,0.083443,-0.293127,9.81845
1755069957192,0.092703,-0.279375,9.875689
1755069957193,0.0792,-0.281625,9.791269
1755069957195,0.07038,-0.294324,9.813306
1755069957198,0.084151,-0.298126,9.876293
1755069957200,0.070035,-0.298576,9.803097
1755069957201,0.065544,-0.290206,9.815642
1755069957204,0.078195,-0.279988,9.866696
1755069957206,0.071721,-0.290321,9.824664
1755069957207,0.078999,-0.303278,9.819416
1755069957209,0.091334,-0.312779,9.858912
1755069957211,0.077151,-0.314416,9.807837
1755069957215,0.066597,-0.293357,9.808001
1755069957216,0.069288,-0.29215,9.85461
1755069957217,0.0783,-0.294171,9.807724
1755069957219,0.08146,-0.294889,9.810299
1755069957222,0.091861,-0.297628,9.832067
1755069957226,0.076624,-0.29012,9.825584
1755069957227,0.07581,-0.291844,9.830792
1755069957227,0.081968,-0.294075,9.844642
1755069957229,0.067737,-0.298432,9.827652
1755069957233,0.074498,-0.303901,9.837248
1755069957234,0.08712,-0.303613,9.84013
1755069957236,0.07785,-0.308795,9.834997
1755069957239,0.08237,-0.303077,9.83041
1755069957240,0.086728,-0.303786,9.8304
1755069957241,0.093115,-0.304677,9.820364
1755069957244,0.083538,-0.308536,9.82293
1755069957245,0.077371,-0.301612,9.826073
1755069957247,0.06924,-0.299074,9.832651
1755069957250,0.072621,-0.304169,9.831233
1755069957251,0.075063,-0.310241,9.816716
1755069957253,0.076978,-0.310796,9.826876
1755069957256,0.070227,-0.302091,9.827547
1755069957257,0.064835,-0.299457,9.824903
1755069957259,0.065084,-0.296163,9.828034
1755069957261,0.064471,-0.286969,9.834241
1755069957265,0.074124,-0.287764,9.821159
1755069957267,0.089476,-0.300386,9.831358
1755069957268,0.097224,-0.304418,9.824596
1755069957269,0.088873,-0.295195,9.824291
1755069957271,0.068982,-0.289631,9.823534
1755069957273,0.070725,-0.290876,9.82726
1755069957275,0.076873,-0.302416,9.827308
1755069957277,0.078712,-0.317538,9.824807
1755069957280,0.078702,-0.306305,9.825622
1755069957283,0.075896,-0.30212,9.831702
1755069957284,0.065764,-0.312654,9.834902
1755069957286,0.070945,-0.322298,9.841979
1755069957287,0.062699,-0.307511,9.831627
1755069957289,0.062805,-0.293692,9.819099
1755069957292,0.072736,-0.293462,9.829682
1755069957294,0.081345,-0.292418,9.8329
1755069957296,0.08304,-0.294334,9.823689
1755069957297,0.089198,-0.302206,9.820287
1755069957301,0.090261,-0.303891,9.814973
1755069957302,0.084314,-0.298327,9.811639
1755069957304,0.090415,-0.290761,9.823592
1755069957305,0.086785,-0.300865,9.817883
1755069957307,0.091698,-0.30414,9.827797
1755069957310,0.099848,-0.299917,9.817557
1755069957311,0.098421,-0.307071,9.81978
1755069957314,0.094236,-0.308986,9.825544
1755069957316,0.092493,-0.306036,9.832775
1755069957317,0.082619,-0.306103,9.838896
1755069957319,0.077716,-0.312156,9.836941
1755069957322,0.081393,-0.302713,9.836215
1755069957324,0.078405,-0.296632,9.82747
1755069957325,0.075475,-0.2969,9.843271
1755069957328,0.068465,-0.288616,9.84012
1755069957329,0.068934,-0.290225,9.842218
1755069957333,0.069394,-0.299869,9.836251
1755069957334,0.076011,-0.30504,9.827814
1755069957335,0.074048,-0.306017,9.826322
1755069957337,0.077247,-0.314828,9.823323
1755069957339,0.083529,-0.310317,9.823851
1755069957343,0.08237,-0.309771,9.824139
1755069957343,0.082265,-0.313209,9.830592
1755069957345,0.088059,-0.310691,9.831531
1755069957347,0.089304,-0.299026,9.831033
1755069957350,0.076174,-0.295741,9.821044
1755069957352,0.07514,-0.295952,9.821177
1755069957354,0.073579,-0.297705,9.816466
1755069957356,0.077955,-0.312357,9.824702
1755069957358,0.085981,-0.312826,9.82611
1755069957360,0.089409,-0.32112,9.82046
1755069957361,0.091928,-0.31047,9.827098
1755069957364,0.083644,-0.30414,9.830573
1755069957366,0.076557,-0.295157,9.825392
1755069957367,0.081518,-0.293175,9.82477
1755069957369,0.075159,-0.290474,9.822068
1755069957372,0.074211,-0.30256,9.82406
1755069957374,0.07921,-0.286979,9.827077
1755069957375,0.082083,-0.275707,9.835228
1755069957377,0.078329,-0.281491,9.823698
1755069957379,0.077247,-0.288224,9.816638
1755069957383,0.071405,-0.287477,9.820959
1755069957384,0.073607,-0.294161,9.822136
1755069957386,0.072669,-0.301593,9.815786
1755069957387,0.073751,-0.306965,9.816054
1755069957389,0.075092,-0.302091,9.816391
1755069957391,0.069394,-0.303585,9.821925
1755069957395,0.070217,-0.301564,9.818066
1755069957396,0.076136,-0.291097,9.818382
1755069957398,0.086584,-0.297283,9.826484
1755069957400,0.081527,-0.305548,9.838943
1755069957401,0.080234,-0.31026,9.836798
1755069957404,0.086258,-0.313727,9.84013
1755069957405,0.087637,-0.3089,9.840446
1755069957407,0.086067,-0.30866,9.845887
1755069957410,0.086105,-0.309599,9.843167
1755069957411,0.089275,-0.3166,9.842008
1755069957414,0.096429,-0.330371,9.848433
1755069957416,0.090779,-0.31637,9.83404
1755069957418,0.083395,-0.305749,9.824282
1755069957420,0.078836,-0.314598,9.83131
1755069957421,0.082399,-0.30776,9.835649
1755069957423,0.07264,-0.301832,9.828131
1755069957426,0.078156,-0.29939,9.827164
1755069957427,0.068982,-0.292562,9.833897
1755069957430,0.069729,-0.28311,9.831635
1755069957432,0.076787,-0.277478,9.842534
1755069957433,0.077026,-0.2822,9.847265
1755069957436,0.077304,-0.290761,9.842373
1755069957437,0.079526,-0.305107,9.855721
1755069957439,0.069116,-0.294669,9.799918
1755069957441,0.069135,-0.299074,9.839939
1755069957445,0.07694,-0.293136,9.810681
1755069957446,0.07219,-0.282238,9.832689
1755069957448,0.072726,-0.282631,9.825392
1755069957450,0.080129,-0.288319,9.844449
1755069957451,0.087206,-0.279039,9.837573
1755069957453,0.090836,-0.28333,9.842831
1755069957456,0.076222,-0.2831,9.831272
1755069957457,0.081719,-0.2849,9.818736
1755069957460,0.085952,-0.292591,9.820517
1755069957462,0.085329,-0.290608,9.824148
1755069957464,0.08101,-0.281041,9.81976
1755069957466,0.080187,-0.293979,9.830621
1755069957468,0.074096,-0.298279,9.840551
1755069957469,0.067449,-0.301497,9.834969
1755069957471,0.069221,-0.296575,9.834661
1755069957473,0.06925,-0.287975,9.834528
1755069957476,0.074527,-0.289028,9.836818
1755069957477,0.08442,-0.294573,9.836281
1755069957479,0.073636,-0.291901,9.824732
1755069957482,0.072525,-0.289679,9.825305
1755069957484,0.07512,-0.299179,9.822873
1755069957485,0.087628,-0.295014,9.825747
1755069957487,0.088796,-0.289038,9.834682
1755069957489,0.074086,-0.291757,9.827929
1755069957492,0.070897,-0.300712,9.830851
1755069957494,0.072611,-0.302991,9.827805
1755069957495,0.084937,-0.308249,9.82726
1755069957497,0.092579,-0.313928,9.840657
1755069957500,0.075446,-0.318065,9.833178
1755069957501,0.075973,-0.314349,9.82882
1755069957503,0.076538,-0.31998,9.829663
1755069957505,0.068675,-0.305711,9.831272
1755069957507,0.078875,-0.30595,9.821791
1755069957509,0.088222,-0.310777,9.828494
1755069957512,0.087666,-0.299285,9.821283
1755069957514,0.096936,-0.298126,9.823152
1755069957516,0.096898,-0.311285,9.830123
1755069957517,0.080072,-0.296115,9.837604
1755069957519,0.065841,-0.288185,9.820125
1755069957521,0.063341,-0.29102,9.817951
1755069957524,0.075609,-0.296086,9.816504
1755069957526,0.087973,-0.300061,9.841347
1755069957527,0.079191,-0.307942,9.822729
1755069957530,0.080158,-0.316887,9.835179
1755069957533,0.08374,-0.317921,9.831368
1755069957534,0.08306,-0.310336,9.837746
1755069957536,0.08532,-0.311466,9.804092
1755069957537,0.084803,-0.302914,9.842755
1755069957539,0.083615,-0.297025,9.785945
1755069957542,0.075226,-0.291719,9.846346
1755069957543,0.075197,-0.289583,9.812742
1755069957545,0.062067,-0.288865,9.818947
1755069957548,0.090779,-0.306467,9.875986
1755069957550,0.07536,-0.297504,9.744497
1755069957551,0.08668,-0.306697,9.916009
1755069957554,0.080014,-0.297465,9.745954
1755069957555,0.101303,-0.30618,9.885715
1755069957557,0.097032,-0.297197,9.782038
1755069957559,0.091842,-0.30823,9.856105
1755069957561,0.084764,-0.303671,9.797313
1755069957564,0.092493,-0.309398,9.866937
1755069957566,0.104818,-0.30823,9.801058
1755069957568,0.080407,-0.302704,9.869954
1755069957569,0.092809,-0.316877,9.838551
1755069957572,0.089668,-0.304791,9.814512
1755069957574,0.093269,-0.313066,9.862426
1755069957575,0.073282,-0.300511,9.782057
1755069957577,0.0964,-0.30686,9.873506
1755069957580,0.096467,-0.306668,9.761784
1755069957582,0.103181,-0.311907,9.887843
1755069957584,0.079794,-0.289497,9.77383
1755069957585,0.094609,-0.3012,9.898704
1755069957587,0.074881,-0.297408,9.766706
1755069957589,0.084142,-0.312127,9.891807
1755069957592,0.085416,-0.30301,9.755721
1755069957593,0.106168,-0.314272,9.904266
1755069957595,0.102836,-0.30572,9.766983
1755069957598,0.087245,-0.295157,9.916381
1755069957600,0.070571,-0.298164,9.780859
1755069957601,0.080206,-0.319396,9.893666
1755069957604,0.082083,-0.314761,9.779739
1755069957606,0.082485,-0.307186,9.865998
1755069957608,0.098632,-0.291872,9.789422
1755069957609,0.093977,-0.296479,9.869206
1755069957611,0.097377,-0.29282,9.797782
1755069957615,0.077735,-0.292437,9.854045
1755069957616,0.078252,-0.299304,9.802282
1755069957617,0.071414,-0.291911,9.851144
1755069957619,0.091114,-0.295971,9.804552
1755069957622,0.08553,-0.290321,9.852494
1755069957623,0.097693,-0.284077,9.81686
1755069957625,0.09414,-0.276789,9.834644
1755069957627,0.084774,-0.285944,9.817137
1755069957630,0.073914,-0.281845,9.830028
1755069957632,0.094178,-0.301602,9.824425
1755069957633,0.080665,-0.306582,9.822213
1755069957635,0.09006,-0.30913,9.842612
1755069957637,0.079698,-0.290417,9.813727
1755069957639,0.088538,-0.293117,9.852571
1755069957642,0.070255,-0.27721,9.795713
1755069957644,0.086277,-0.288836,9.878812
1755069957645,0.075168,-0.283215,9.779432
1755069957648,0.0851,-0.302196,9.894192
1755069957649,0.063801,-0.292399,9.783895
1755069957651,0.077984,-0.298346,9.87047
1755069957653,0.067679,-0.286279,9.756536
1755069957655,0.070361,-0.292236,9.876598
1755069957657,0.068082,-0.274356,9.772959
1755069957659,0.077438,-0.286835,9.864886
1755069957661,0.094494,-0.279403,9.791355
1755069957664,0.096055,-0.286327,9.841434
1755069957666,0.101926,-0.29441,9.79581
1755069957667,0.098545,-0.300223,9.835601
1755069957669,0.097798,-0.296986,9.803692
1755069957672,0.086431,-0.3046,9.822549
1755069957673,0.103573,-0.306975,9.828687
1755069957676,0.089802,-0.292418,9.801765
1755069957678,0.091305,-0.294381,9.844067
1755069957679,0.080579,-0.295693,9.791164
1755069957682,0.086364,-0.303183,9.856248
1755069957684,0.081623,-0.303096,9.796661
1755069957686,0.087666,-0.309867,9.877968
1755069957687,0.084123,-0.305586,9.802302
1755069957689,0.07807,-0.305711,9.862579
1755069957692,0.06924,-0.303968,9.79602
1755069957693,0.071271,-0.295483,9.819819
1755069957696,0.077955,-0.288846,9.810472
1755069957698,0.067842,-0.274136,9.788321
1755069957700,0.073167,-0.289583,9.866189
1755069957701,0.069154,-0.29192,9.812759
1755069957704,0.072372,-0.296632,9.852341
1755069957705,0.074795,-0.291853,9.82838
1755069957707,0.074737,-0.290062,9.818794
1755069957710,0.071328,-0.30233,9.878351
1755069957711,0.055373,-0.30844,9.811687
1755069957714,0.055507,-0.300003,9.852074
1755069957716,0.068465,-0.307119,9.828802
1755069957718,0.065448,-0.302646,9.832067
1755069957720,0.069815,-0.309494,9.868793
1755069957721,0.07128,-0.307013,9.814801
1755069957724,0.068627,-0.304274,9.844804
1755069957726,0.078185,-0.289947,9.822404
1755069957728,0.067392,-0.289315,9.803328
1755069957729,0.070706,-0.288128,9.84172
1755069957733,0.070054,-0.287831,9.80325
1755069957734,0.079928,-0.287496,9.835571
1755069957735,0.082619,-0.293922,9.826772
1755069957737,0.075532,-0.286002,9.811908
1755069957739,0.087676,-0.283416,9.862741
1755069957741,0.081968,-0.285437,9.804075
1755069957743,0.080177,-0.291403,9.857082
1755069957745,0.079487,-0.297934,9.825431
1755069957748,0.084582,-0.296737,9.829002
1755069957750,0.085789,-0.301689,9.847495
1755069957751,0.068589,-0.30053,9.810719
1755069957754,0.082284,-0.303556,9.85306
1755069957755,0.086038,-0.303537,9.818315
1755069957757,0.078626,-0.309695,9.831013
1755069957760,0.074345,-0.308019,9.826742
1755069957761,0.074919,-0.298576,9.813851
1755069957764,0.07446,-0.309455,9.836242
1755069957766,0.063542,-0.300329,9.820805
1755069957767,0.063753,-0.286165,9.8214
1755069957769,0.070725,-0.283722,9.825439
1755069957772,0.077831,-0.284422,9.820584
1755069957773,0.073138,-0.294755,9.843053
1755069957776,0.072918,-0.302953,9.831446
1755069957777,0.073875,-0.300693,9.836225
1755069957780,0.07876,-0.296038,9.837296
1755069957782,0.083787,-0.296833,9.822921
1755069957783,0.08983,-0.286021,9.833706
1755069957786,0.100595,-0.286021,9.825851
1755069957787,0.083864,-0.281893,9.829653
1755069957790,0.076998,-0.283502,9.830142
1755069957791,0.081068,-0.290263,9.84058
1755069957793,0.077141,-0.29171,9.827384
1755069957795,0.080483,-0.283636,9.833505
1755069957798,0.079181,-0.285676,9.820526
1755069957800,0.081527,-0.288798,9.833637
1755069957801,0.08012,-0.293654,9.821074
1755069957804,0.075609,-0.292801,9.831962
1755069957805,0.066951,-0.299668,9.832335
1755069957807,0.065582,-0.302436,9.831109
1755069957809,0.073196,-0.305644,9.832842
1755069957811,0.07354,-0.311974,9.825728
1755069957814,0.07037,-0.313861,9.826571
1755069957816,0.06585,-0.309609,9.831167
1755069957818,0.068129,-0.302187,9.827824
1755069957819,0.076576,-0.298844,9.830536
1755069957822,0.076078,-0.293491,9.824042
1755069957824,0.07152,-0.292686,9.818917
1755069957825,0.076356,-0.296622,9.817797
1755069957827,0.076088,-0.297063,9.823812
1755069957830,0.066118,-0.306525,9.825058
1755069957832,0.068149,-0.308459,9.823715
1755069957833,0.067133,-0.30913,9.816457
1755069957836,0.067382,-0.310174,9.81774
1755069957838,0.061713,-0.305088,9.825755
1755069957839,0.071146,-0.305596,9.816955
1755069957842,0.070926,-0.316887,9.83562
1755069957844,0.074584,-0.312616,9.836215
1755069957846,0.078559,-0.307004,9.843703
1755069957848,0.078396,-0.310461,9.823602
1755069957850,0.067402,-0.295167,9.826311
1755069957852,0.067105,-0.293788,9.830046
1755069957853,0.066214,-0.303891,9.825497
1755069957856,0.071635,-0.309474,9.830928
1755069957858,0.07016,-0.300386,9.827422
1755069957859,0.074268,-0.297475,9.837727
1755069957862,0.072956,-0.302158,9.818372
1755069957864,0.07331,-0.298873,9.822078
1755069957866,0.076442,-0.30504,9.822873
1755069957867,0.074278,-0.301871,9.815403
1755069957869,0.074996,-0.298337,9.842036
1755069957872,0.086938,-0.292686,9.839077
1755069957873,0.091028,-0.300846,9.845724
1755069957875,0.086603,-0.296737,9.830199
1755069957877,0.07942,-0.292849,9.825449
1755069957880,0.07671,-0.289957,9.831427
1755069957882,0.078568,-0.284642,9.840819
1755069957884,0.081077,-0.293395,9.845963
1755069957886,0.083443,-0.301507,9.829348
1755069957887,0.080043,-0.290742,9.823429
1755069957889,0.088231,-0.290685,9.826493
1755069957891,0.090913,-0.286078,9.830391
1755069957893,0.097779,-0.292399,9.819703
1755069957895,0.097252,-0.3021,9.825191
1755069957898,0.095404,-0.309264,9.819798
1755069957899,0.087178,-0.29395,9.836405
1755069957901,0.083663,-0.299821,9.833657
1755069957903,0.076145,-0.303518,9.839307
1755069957906,0.069355,-0.300242,9.833082
1755069957907,0.080302,-0.30436,9.841883
1755069957909,0.082456,-0.305462,9.833838
1755069957912,0.086689,-0.305385,9.833955
1755069957914,0.088633,-0.313506,9.835276
1755069957916,0.092838,-0.31681,9.829577
1755069957918,0.087484,-0.307224,9.835121
1755069957920,0.076241,-0.306075,9.831827
1755069957921,0.072468,-0.29871,9.840025
1755069957924,0.07287,-0.298739,9.843913
1755069957926,0.07512,-0.300156,9.844182
1755069957927,0.073626,-0.297168,9.840888
1755069957929,0.073138,-0.311026,9.840035
1755069957932,0.083337,-0.315776,9.842869
1755069957933,0.081518,-0.317797,9.828974
1755069957935,0.074354,-0.309417,9.822184
1755069957938,0.084391,-0.309685,9.822903
1755069957939,0.083749,-0.315747,9.830803
1755069957941,0.080206,-0.31026,9.827671
1755069957943,0.080139,-0.312616,9.824156
1755069957946,0.08215,-0.299563,9.834826
1755069957948,0.081077,-0.302656,9.842477
1755069957950,0.08396,-0.310672,9.850626
1755069957951,0.089888,-0.305835,9.840045
1755069957953,0.089428,-0.296268,9.831042
1755069957956,0.088183,-0.293883,9.827374
1755069957957,0.082236,-0.310566,9.821619
1755069957959,0.085933,-0.328925,9.823199
1755069957961,0.086756,-0.310576,9.833014
1755069957964,0.084285,-0.296871,9.832786
1755069957966,0.073167,-0.298327,9.833925
1755069957967,0.081173,-0.302886,9.832402
1755069957969,0.075312,-0.301803,9.842429
1755069957971,0.080464,-0.300673,9.843769
1755069957973,0.074421,-0.297053,9.8252
1755069957976,0.069824,-0.295559,9.830783
1755069957977,0.068704,-0.289718,9.828743
1755069957979,0.071175,-0.289708,9.82633
1755069957982,0.075532,-0.289143,9.82406
1755069957984,0.087101,-0.287754,9.826704
1755069957985,0.086335,-0.295492,9.831263
1755069957987,0.086536,-0.300616,9.825373
1755069957989,0.071615,-0.296067,9.821322
1755069957991,0.076432,-0.296354,9.822883
1755069957993,0.072822,-0.297685,9.829837
1755069957995,0.062192,-0.291518,9.835801
1755069957998,0.053113,-0.294793,9.82885
1755069957999,0.059568,-0.295722,9.833312
1755069958001,0.064404,-0.303709,9.833849
1755069958004,0.067028,-0.309044,9.842927
1755069958005,0.073521,-0.316303,9.837804
1755069958008,0.080761,-0.314311,9.832986
1755069958009,0.085856,-0.298748,9.824615
1755069958012,0.078147,-0.304504,9.823391
1755069958015,0.076088,-0.311045,9.824165
1755069958016,0.078396,-0.307128,9.837573
1755069958017,0.077917,-0.305663,9.829617
1755069958019,0.085751,-0.291499,9.846702
1755069958022,0.080206,-0.292121,9.802542
1755069958024,0.070955,-0.287553,9.867636
1755069958026,0.077103,-0.287524,9.785619
1755069958027,0.081681,-0.277909,9.877308
1755069958030,0.064615,-0.285264,9.825288
1755069958032,0.073425,-0.290991,9.754188
1755069958034,0.084659,-0.293098,9.906442
1755069958035,0.090635,-0.294946,9.934098
1755069958037,0.08215,-0.292083,9.7727
1755069958039,0.08531,-0.292648,9.770996
1755069958041,0.094906,-0.308507,9.952753
1755069958044,0.070983,-0.329404,9.751602
1755069958046,0.077658,-0.310413,9.805645
1755069958048,0.092158,-0.300626,9.934846
1755069958049,0.077266,-0.314675,9.738779
1755069958051,0.085885,-0.29533,9.861517
1755069958053,0.078549,-0.314349,9.854841
1755069958055,0.072113,-0.319837,9.729079
1755069958057,0.079468,-0.293826,9.897361
1755069958059,0.074268,-0.296661,9.760242
1755069958061,0.080665,-0.293692,9.787257
1755069958064,0.092397,-0.290599,9.911036
1755069958065,0.081566,-0.302081,9.722585
1755069958067,0.08599,-0.301669,9.914926
1755069958069,0.076203,-0.312539,9.800702
1755069958071,0.068943,-0.312415,9.736691
1755069958073,0.094188,-0.300884,9.974159
1755069958076,0.071261,-0.319827,9.719357
1755069958077,0.062738,-0.297934,9.834279
1755069958080,0.089591,-0.296259,9.957743
1755069958082,0.069834,-0.304945,9.731023
1755069958084,0.08283,-0.286596,9.863412
1755069958085,0.085732,-0.291116,9.893233
1755069958087,0.060774,-0.309762,9.730591
1755069958089,0.084324,-0.297264,9.881991
1755069958092,0.094025,-0.310834,9.857273
1755069958094,0.076452,-0.319894,9.745665
1755069958095,0.096793,-0.290244,9.920585
1755069958099,0.096352,-0.29554,9.859792
1755069958100,0.080752,-0.30166,9.725113
1755069958101,0.080254,-0.291451,9.896413
1755069958103,0.073923,-0.297274,9.856708
1755069958105,0.061426,-0.315939,9.698949
1755069958107,0.0672,-0.298164,9.859954
1755069958109,0.082839,-0.305376,9.90238
1755069958111,0.078903,-0.309206,9.737899
1755069958114,0.082504,-0.294458,9.837727
1755069958116,0.098612,-0.285063,9.901194
1755069958117,0.084305,-0.295636,9.784144
1755069958119,0.076241,-0.302876,9.848071
1755069958121,0.078338,-0.305299,9.837487
1755069958124,0.080742,-0.300472,9.803078
1755069958126,0.097042,-0.297456,9.891606
1755069958127,0.087609,-0.297638,9.774692
1755069958129,0.090616,-0.300788,9.831962
1755069958132,0.082906,-0.298863,9.879156
1755069958133,0.063877,-0.289871,9.763104
1755069958135,0.082983,-0.291049,9.893349
1755069958138,0.083242,-0.300396,9.829041
1755069958139,0.072334,-0.300539,9.79262
1755069958142,0.085703,-0.297197,9.865202
1755069958144,0.074824,-0.300185,9.808852
1755069958145,0.073703,-0.307176,9.831216
1755069958148,0.074182,-0.307827,9.824329
1755069958149,0.085588,-0.314723,9.859044
1755069958152,0.095921,-0.315872,9.794182
1755069958154,0.07422,-0.30436,9.843932
1755069958156,0.071347,-0.311888,9.821436
1755069958157,0.073952,-0.29441,9.80915
1755069958159,0.084391,-0.296948,9.904334
1755069958162,0.08102,-0.298174,9.769779
1755069958164,0.09505,-0.303297,9.890562
1755069958166,0.084985,-0.300386,9.827902
1755069958168,0.081843,-0.29623,9.847064
1755069958169,0.083433,-0.287563,9.819703
1755069958171,0.073492,-0.28784,9.855923
1755069958173,0.065352,-0.289411,9.801085
1755069958175,0.070313,-0.285734,9.875737
1755069958177,0.085052,-0.297638,9.796384
1755069958180,0.077515,-0.288904,9.866095
1755069958182,0.078769,-0.300022,9.831427
1755069958184,0.064241,-0.291872,9.834299
1755069958186,0.08532,-0.3021,9.860107
1755069958188,0.083289,-0.298643,9.829413
1755069958189,0.084563,-0.310863,9.820632
1755069958191,0.077802,-0.296335,9.851201
1755069958193,0.075992,-0.306008,9.832508
1755069958196,0.073559,-0.290646,9.82906
1755069958197,0.08147,-0.307166,9.818898
1755069958200,0.077764,-0.296661,9.835859
1755069958202,0.083357,-0.304389,9.782258
1755069958204,0.080953,-0.292246,9.836185
1755069958205,0.091803,-0.304399,9.808125
1755069958208,0.086756,-0.296393,9.794688
1755069958209,0.088078,-0.311763,9.83876
1755069958212,0.064471,-0.304811,9.79488
1755069958214,0.08781,-0.311706,9.871063
1755069958216,0.073665,-0.294037,9.815048
1755069958217,0.088356,-0.299419,9.834635
1755069958219,0.083673,-0.293213,9.849343
1755069958222,0.06743,-0.293998,9.776398
1755069958224,0.069681,-0.299984,9.905502
1755069958225,0.069441,-0.299428,9.73652
1755069958228,0.074661,-0.310825,9.905752
1755069958230,0.07378,-0.300913,9.763295
1755069958232,0.080378,-0.301899,9.876178
1755069958233,0.078252,-0.283531,9.797313
1755069958235,0.08689,-0.296747,9.823706
1755069958238,0.086306,-0.283263,9.795387
1755069958239,0.095797,-0.297187,9.876877
1755069958241,0.076241,-0.288664,9.78968
1755069958244,0.086536,-0.291154,9.88204
1755069958245,0.077084,-0.291623,9.797697
1755069958248,0.093968,-0.291413,9.832832
1755069958250,0.076308,-0.285609,9.835085
1755069958252,0.087685,-0.300357,9.812271
1755069958253,0.07808,-0.30279,9.859351
1755069958256,0.077764,-0.30007,9.789182
1755069958258,0.07558,-0.294056,9.880669
1755069958259,0.068196,-0.293089,9.762598
1755069958261,0.073722,-0.30302,9.876935
1755069958264,0.062651,-0.286203,9.783637
1755069958266,0.0706,-0.292457,9.858776
1755069958267,0.071472,-0.288204,9.806573
1755069958269,0.07695,-0.290579,9.846346
1755069958271,0.063102,-0.28468,9.803355
1755069958273,0.073895,-0.29419,9.844918
1755069958275,0.068378,-0.283148,9.818123
1755069958277,0.073502,-0.291508,9.83268
1755069958280,0.051849,-0.287266,9.84943
1755069958282,0.056972,-0.294717,9.841998
1755069958284,0.052261,-0.298155,9.84988
1755069958285,0.073799,-0.307281,9.826618
1755069958288,0.070888,-0.292514,9.863441
1755069958289,0.072994,-0.290014,9.793051
1755069958292,0.085416,-0.292571,9.883285
1755069958293,0.087331,-0.287994,9.778456
1755069958296,0.080895,-0.299333,9.878112
1755069958299,0.079363,-0.296527,9.779825
1755069958300,0.088356,-0.299697,9.874819
1755069958301,0.071692,-0.284872,9.803241
1755069958304,0.069805,-0.30776,9.870096
1755069958305,0.065065,-0.297053,9.781616
1755069958309,0.076758,-0.312711,9.86416
1755069958309,0.066377,-0.306774,9.780295
1755069958312,0.083366,-0.322374,9.862906
1755069958315,0.080531,-0.300281,9.804734
1755069958316,0.089457,-0.315412,9.838291
1755069958317,0.073349,-0.312127,9.829519
1755069958319,0.082064,-0.320584,9.812128
1755069958322,0.062546,-0.31274,9.85779
1755069958324,0.064308,-0.305366,9.811468
1755069958326,0.063159,-0.305845,9.872376
1755069958328,0.066492,-0.303843,9.782575
1755069958329,0.067813,-0.310844,9.860366
1755069958331,0.069422,-0.299495,9.765345
1755069958334,0.082552,-0.293788,9.873036
1755069958335,0.081537,-0.274165,9.783359
1755069958337,0.093853,-0.297053,9.865576
1755069958339,0.074986,-0.282612,9.806564
1755069958342,0.074776,-0.291642,9.852226
1755069958344,0.061339,-0.285657,9.816314
1755069958345,0.069815,-0.299323,9.838665
1755069958348,0.059185,-0.297006,9.830745
1755069958350,0.072745,-0.299879,9.808077
1755069958352,0.080704,-0.301277,9.841673
1755069958353,0.092646,-0.298145,9.795111
1755069958355,0.081594,-0.298413,9.867281
1755069958358,0.079717,-0.301976,9.809705
1755069958361,0.08124,-0.316868,9.870584
1755069958362,0.086469,-0.323121,9.806937
1755069958365,0.101734,-0.314933,9.880995
1755069958366,0.08916,-0.292016,9.805281
1755069958367,0.092349,-0.291384,9.88292
1755069958369,0.08531,-0.286356,9.788741
1755069958371,0.083998,-0.291365,9.851192
1755069958373,0.072267,-0.286279,9.778858
1755069958375,0.071309,-0.294075,9.853116
1755069958378,0.063753,-0.288032,9.789852
1755069958380,0.075293,-0.304159,9.85417
1755069958382,0.065869,-0.292744,9.800483
1755069958383,0.065572,-0.289239,9.848041
1755069958386,0.057298,-0.287295,9.814178
1755069958387,0.067708,-0.302292,9.846337
1755069958389,0.064155,-0.303642,9.821063
1755069958391,0.082495,-0.293328,9.831702
1755069958393,0.079564,-0.282391,9.814349
1755069958396,0.075714,-0.288626,9.815864
1755069958398,0.06336,-0.295416,9.830171
1755069958399,0.074632,-0.284814,9.83517
1755069958402,0.074479,-0.278216,9.830478
1755069958404,0.0844,-0.291853,9.82568
1755069958405,0.086057,-0.302292,9.83721
1755069958408,0.077639,-0.297178,9.814896
1755069958410,0.082954,-0.294812,9.825718
1755069958411,0.085588,-0.296326,9.809982
1755069958415,0.081719,-0.300558,9.8354
1755069958416,0.083816,-0.299342,9.830832
1755069958417,0.087053,-0.311122,9.840944
1755069958419,0.087417,-0.308019,9.835821
1755069958422,0.077323,-0.30958,9.846288
1755069958423,0.073512,-0.30687,9.834222
1755069958425,0.077725,-0.308957,9.833282
1755069958427,0.072037,-0.307032,9.828226
1755069958429,0.062881,-0.308086,9.823793
1755069958432,0.065793,-0.301219,9.82045
1755069958434,0.081001,-0.313621,9.827173
1755069958435,0.082954,-0.320315,9.818382
1755069958438,0.081872,-0.306812,9.823265
1755069958440,0.089447,-0.298873,9.8243
1755069958441,0.086689,-0.297973,9.822453
1755069958444,0.083471,-0.307866,9.811516
1755069958446,0.076116,-0.307358,9.824165
1755069958448,0.069125,-0.308929,9.826503
1755069958449,0.065869,-0.308718,9.839269
1755069958451,0.0672,-0.303776,9.82747
1755069958453,0.06607,-0.303499,9.826263
1755069958455,0.067181,-0.298289,9.824195
1755069958458,0.068953,-0.296498,9.84104
1755069958460,0.077247,-0.288022,9.830727
1755069958461,0.080943,-0.278695,9.843664
1755069958464,0.081049,-0.274873,9.823869
1755069958466,0.08237,-0.2969,9.832346
1755069958467,0.082083,-0.312089,9.82408
1755069958469,0.075791,-0.31614,9.844564
1755069958472,0.080914,-0.31773,9.831913
1755069958474,0.08306,-0.311773,9.84059
1755069958475,0.079143,-0.297235,9.828447
1755069958477,0.065754,-0.304801,9.834891
1755069958479,0.064471,-0.304648,9.820843
1755069958481,0.074096,-0.305232,9.823419
1755069958484,0.088269,-0.30958,9.822968
1755069958485,0.084094,-0.308507,9.836089
1755069958487,0.074833,-0.302091,9.832469
1755069958489,0.068589,-0.305692,9.828906
1755069958492,0.071606,-0.300003,9.816103
1755069958493,0.077984,-0.294774,9.821877
1755069958495,0.077754,-0.29985,9.812847
1755069958498,0.073205,-0.303192,9.817981
1755069958499,0.069489,-0.301238,9.817252
1755069958502,0.072755,-0.294008,9.83267
1755069958504,0.083596,-0.301938,9.831446
1755069958506,0.084046,-0.309436,9.836769
1755069958508,0.086814,-0.313439,9.835869
1755069958509,0.095471,-0.321493,9.83809
1755069958511,0.092703,-0.321369,9.828562
1755069958514,0.083184,-0.314646,9.833178
1755069958516,0.087331,-0.311122,9.829797
1755069958518,0.080713,-0.304044,9.826876
1755069958519,0.073751,-0.314387,9.829107
1755069958521,0.077792,-0.315211,9.833962
1755069958524,0.071491,-0.295617,9.828341
1755069958525,0.071204,-0.285992,9.83968
1755069958528,0.066406,-0.292495,9.838511
1755069958529,0.073856,-0.285446,9.844536
1755069958532,0.081154,-0.294535,9.839193
1755069958534,0.082657,-0.299888,9.845474
1755069958536,0.090214,-0.306209,9.834078
1755069958537,0.087618,-0.321982,9.835132
1755069958539,0.083797,-0.320373,9.828447
1755069958541,0.082916,-0.309829,9.821026
1755069958543,0.077045,-0.291116,9.829184
1755069958546,0.077103,-0.294554,9.840705
1755069958548,0.08304,-0.293433,9.848463
1755069958549,0.082073,-0.281204,9.84942
1755069958551,0.090577,-0.272776,9.849908
1755069958553,0.08961,-0.270803,9.83652
1755069958555,0.080014,-0.281663,9.829844
1755069958558,0.08553,-0.292629,9.835419
1755069958560,0.07921,-0.299189,9.828008
1755069958561,0.074268,-0.299764,9.835571
1755069958564,0.082791,-0.303058,9.830055
1755069958566,0.077361,-0.302886,9.829779
1755069958567,0.069259,-0.301938,9.828274
1755069958570,0.068024,-0.303786,9.828897
1755069958571,0.068953,-0.314656,9.820306
1755069958574,0.079171,-0.322403,9.812616
1755069958575,0.077237,-0.315709,9.818755
1755069958578,0.072439,-0.300175,9.823515
1755069958579,0.070955,-0.300061,9.823468
1755069958582,0.070399,-0.305845,9.826062
1755069958584,0.067344,-0.293184,9.836606
1755069958585,0.079746,-0.291231,9.830621
1755069958587,0.083778,-0.289143,9.826571
1755069958589,0.087906,-0.28808,9.832106
1755069958591,0.085741,-0.295004,9.838071
1755069958593,0.08623,-0.298049,9.82725
1755069958596,0.078022,-0.296412,9.825191
1755069958598,0.072496,-0.283445,9.821388
1755069958599,0.073464,-0.287419,9.821562
1755069958601,0.083893,-0.280332,9.828609
1755069958604,0.084697,-0.270813,9.822605
1755069958605,0.074498,-0.283588,9.821456
1755069958608,0.068024,-0.293701,9.819205
1755069958609,0.067737,-0.294832,9.826168
1755069958611,0.075484,-0.286979,9.827872
1755069958614,0.087628,-0.300185,9.826618
1755069958616,0.089907,-0.300702,9.830697
1755069958617,0.093269,-0.300865,9.83697
1755069958619,0.09233,-0.28808,9.834652
1755069958621,0.080761,-0.294085,9.839776
1755069958623,0.091162,-0.291786,9.833312
1755069958625,0.095605,-0.294879,9.82795
1755069958628,0.092282,-0.295971,9.820651
1755069958632,0.072937,-0.304255,9.814647
1755069958633,0.063533,-0.302924,9.820863
1755069958634,0.062086,-0.294075,9.821514
1755069958636,0.063657,-0.304533,9.826982
1755069958638,0.070581,-0.290876,9.833657
1755069958639,0.076222,-0.285504,9.832
1755069958641,0.077342,-0.296316,9.833302
1755069958644,0.066961,-0.295157,9.833092
1755069958646,0.059817,-0.295444,9.828657
1755069958648,0.066501,-0.300932,9.829348
1755069958649,0.075571,-0.297915,9.839278
1755069958652,0.081882,-0.293079,9.836415
1755069958653,0.088834,-0.292552,9.824309
1755069958655,0.086986,-0.297982,9.821801
1755069958658,0.086977,-0.298174,9.824999
1755069958659,0.083213,-0.301947,9.825114
1755069958661,0.079191,-0.307052,9.827997
1755069958664,0.081345,-0.301411,9.835246
1755069958666,0.069815,-0.289737,9.838464
1755069958667,0.062182,-0.293606,9.835985
1755069958669,0.06903,-0.286423,9.840427
1755069958672,0.081259,-0.29374,9.843119
1755069958673,0.090041,-0.303757,9.830536
1755069958676,0.087762,-0.313889,9.826369
1755069958678,0.086842,-0.30527,9.819484
1755069958680,0.093412,-0.309944,9.815796
1755069958681,0.091018,-0.303623,9.820374
1755069958684,0.095768,-0.301631,9.830496
1755069958686,0.090635,-0.299697,9.835065
1755069958687,0.070054,-0.287515,9.82679
1755069958689,0.067928,-0.290876,9.833955
1755069958692,0.068982,-0.29601,9.833245
1755069958693,0.076365,-0.296728,9.829492
1755069958696,0.079727,-0.292591,9.838446
1755069958698,0.0946,-0.3012,9.841499
1755069958699,0.099541,-0.302656,9.832852
1755069958701,0.101591,-0.291537,9.82633
1755069958703,0.09301,-0.284661,9.817904
1755069958705,0.089141,-0.294372,9.824453
1755069958708,0.096103,-0.307942,9.830803
1755069958709,0.088528,-0.297484,9.838473
1755069958711,0.080053,-0.296268,9.840284
1755069958714,0.080014,-0.297954,9.843328
1755069958716,0.078137,-0.303374,9.842564
1755069958718,0.071596,-0.303412,9.8338
1755069958719,0.075417,-0.30076,9.828937
1755069958722,0.076059,-0.291039,9.831521
1755069958724,0.078453,-0.301478,9.835696
1755069958725,0.071165,-0.305816,9.839203
1755069958727,0.073952,-0.291882,9.837573
1755069958730,0.086546,-0.294592,9.83767
1755069958732,0.091765,-0.304083,9.833887
1755069958734,0.089495,-0.304993,9.831396
1755069958735,0.09074,-0.309915,9.824589
1755069958737,0.09392,-0.305787,9.819751
1755069958739,0.083586,-0.309111,9.822106
1755069958742,0.082207,-0.301976,9.821189
1755069958743,0.089495,-0.296661,9.823563
1755069958745,0.080167,-0.291317,9.818641
1755069958749,0.072583,-0.291891,9.818007
1755069958749,0.075647,-0.286749,9.827844
1755069958751,0.07197,-0.285724,9.832191
1755069958753,0.080637,-0.28831,9.833437
1755069958756,0.076758,-0.294037,9.823735
1755069958757,0.080302,-0.297255,9.817031
1755069958759,0.087771,-0.302723,9.82204
1755069958762,0.081776,-0.304284,9.830171
1755069958764,0.081479,-0.315671,9.823016
1755069958766,0.079047,-0.318544,9.822835
1755069958767,0.090395,-0.310796,9.82293
1755069958769,0.097818,-0.30686,9.82522
1755069958771,0.090769,-0.308938,9.827623
1755069958774,0.079057,-0.311179,9.819771
1755069958776,0.080867,-0.309436,9.821801
1755069958777,0.078961,-0.301325,9.832881
1755069958780,0.067765,-0.302445,9.822078
1755069958782,0.071146,-0.314474,9.813105
1755069958783,0.086622,-0.313593,9.808288
1755069958785,0.085559,-0.309321,9.81772
1755069958787,0.070303,-0.302991,9.828687
1755069958789,0.071242,-0.307636,9.835351
1755069958791,0.066837,-0.316609,9.838484
1755069958793,0.068321,-0.311342,9.842592
1755069958796,0.07921,-0.314905,9.835141
1755069958798,0.073109,-0.296115,9.836875
1755069958799,0.066702,-0.291834,9.836655
1755069958801,0.092301,-0.287639,9.829605
1755069958804,0.0955,-0.290857,9.834872
1755069958805,0.091976,-0.298308,9.83403
1755069958808,0.079995,-0.300673,9.830536
1755069958809,0.079689,-0.294851,9.821419
1755069958811,0.064184,-0.298825,9.82723
1755069958814,0.065103,-0.30617,9.836626
1755069958816,0.080522,-0.305577,9.84081
1755069958817,0.07898,-0.295722,9.836539
1755069958820,0.078865,-0.296201,9.834635
1755069958821,0.091554,-0.290551,9.831321
1755069958824,0.08259,-0.295406,9.820499
1755069958827,0.077639,-0.294487,9.820843
1755069958827,0.09233,-0.295531,9.828247
1755069958830,0.097808,-0.299898,9.833819
1755069958832,0.089419,-0.304715,9.835678
1755069958834,0.080637,-0.313248,9.827164
1755069958835,0.079411,-0.299352,9.821465
1755069958837,0.080886,-0.291202,9.823735
1755069958839,0.081298,-0.301756,9.832642
1755069958841,0.081815,-0.308699,9.832152
1755069958844,0.079784,-0.29712,9.836664
1755069958846,0.077754,-0.288166,9.832239
1755069958848,0.073397,-0.284469,9.84015
1755069958850,0.071347,-0.285044,9.840323
1755069958852,0.072334,-0.292255,9.834327
1755069958853,0.070773,-0.292504,9.823238
1755069958855,0.080321,-0.295339,9.82612
1755069958857,0.081518,-0.29554,9.829041
1755069958859,0.081767,-0.283837,9.834949
1755069958862,0.072832,-0.281453,9.837899
1755069958864,0.061282,-0.290187,9.842946
1755069958866,0.065783,-0.285494,9.836118
1755069958867,0.065639,-0.291461,9.828753
1755069958870,0.070773,-0.297982,9.825755
1755069958871,0.081642,-0.294142,9.826138
1755069958874,0.081355,-0.29261,9.833609
1755069958875,0.073425,-0.279269,9.835897
1755069958877,0.083127,-0.28174,9.828993
1755069958880,0.097473,-0.282679,9.829903
1755069958882,0.093671,-0.293002,9.826868
1755069958884,0.090146,-0.286663,9.824148
1755069958885,0.085004,-0.286682,9.82295
1755069958887,0.084678,-0.295531,9.824569
1755069958889,0.079334,-0.297293,9.824463
1755069958892,0.076231,-0.305002,9.829673
1755069958896,0.071108,-0.303029,9.829453
1755069958897,0.081077,-0.311897,9.826627
1755069958899,0.089294,-0.308555,9.818784
1755069958900,0.078051,-0.311198,9.819369
