1755077365033,0.17245,0.171837,9.762434
1755077365035,0.178023,0.164865,9.762368
1755077365035,0.181883,0.158554,9.76208
1755077365036,0.182563,0.154234,9.761313
1755077365037,0.17764,0.152242,9.76002
1755077365037,0.17064,0.153114,9.759513
1755077365038,0.1627,0.155154,9.75985
1755077365038,0.156054,0.15773,9.761045
1755077365039,0.152673,0.160402,9.762559
1755077365039,0.154809,0.163964,9.76435
1755077365040,0.160479,0.166627,9.765019
1755077365040,0.167508,0.169088,9.765211
1755077365041,0.173158,0.171109,9.765144
1755077365041,0.175064,0.172239,9.764904
1755077365042,0.16973,0.171645,9.763948
1755077365043,0.161005,0.169577,9.762424
1755077365044,0.15116,0.166359,9.760079
1755077365044,0.143614,0.162834,9.757147
1755077365044,0.141143,0.160057,9.754457
1755077365044,0.147358,0.158975,9.752666
1755077365044,0.157309,0.160718,9.753298
1755077365045,0.168581,0.164242,9.755291
1755077365045,0.178272,0.168456,9.757751
1755077365045,0.184497,0.17199,9.759417
1755077365045,0.187437,0.173714,9.758881
1755077365045,0.18737,0.172277,9.756324
1755077365046,0.187121,0.169193,9.752685
1755077365046,0.187428,0.165775,9.749237
1755077365046,0.188098,0.163371,9.747245
1755077365046,0.187897,0.163332,9.747695
1755077365046,0.185771,0.165573,9.750348
1755077365047,0.181998,0.168657,9.754131
1755077365047,0.177449,0.171329,9.758086
1755077365047,0.173513,0.172354,9.761591
1755077365047,0.171252,0.170352,9.764761
1755077365047,0.172047,0.166924,9.765604
1755077365048,0.174212,0.162997,9.764694
1755077365048,0.176501,0.159866,9.761696
1755077365048,0.177678,0.158448,9.756257
1755077365048,0.176951,0.159463,9.745511
1755077365049,0.175256,0.161666,9.736164
1755077365049,0.173714,0.163878,9.727565
1755077365049,0.173283,0.164884,9.72177
1755077365049,0.174212,0.164146,9.720296
1755077365049,0.176472,0.160699,9.726156
1755077365050,0.177497,0.157596,9.735217
1755077365050,0.176903,0.1557,9.746019
1755077365050,0.174432,0.156351,9.756007
1755077365050,0.170869,0.160009,9.762894
1755077365050,0.166761,0.168312,9.765451
1755077365051,0.165889,0.174748,9.762875
1755077365053,0.167757,0.178818,9.758173
1755077365055,0.172076,0.178809,9.753192
1755077365057,0.177678,0.174279,9.749544
1755077365059,0.184583,0.163352,9.748156
1755077365061,0.187782,0.154627,9.749486
1755077365063,0.188644,0.148508,9.752138
1755077365064,0.18738,0.146851,9.755376
1755077365066,0.184775,0.150002,9.758603
1755077365068,0.181509,0.156763,9.761534
1755077365070,0.176932,0.167211,9.764704
1755077365072,0.173819,0.172708,9.766303
1755077365074,0.171003,0.174231,9.767012
1755077365076,0.168542,0.171463,9.766927
1755077365078,0.166742,0.165526,9.766169
1755077365080,0.165784,0.156303,9.764771
1755077365083,0.166483,0.151132,9.763851
1755077365085,0.168312,0.148986,9.7632
1755077365087,0.170927,0.149973,9.762606
1755077365089,0.173723,0.153277,9.761859
1755077365091,0.176893,0.158601,9.760644
1755077365091,0.17877,0.161599,9.759963
1755077365093,0.180417,0.162873,9.759934
1755077365097,0.182199,0.162384,9.761025
1755077365098,0.184219,0.160795,9.762989
1755077365100,0.186441,0.1584,9.765384
1755077365102,0.186547,0.157395,9.765661
1755077365104,0.184229,0.157519,9.763517
1755077365106,0.179182,0.158697,9.75889
1755077365109,0.172162,0.160507,9.752588
1755077365111,0.162921,0.16293,9.744228
1755077365113,0.15886,0.164032,9.740302
1755077365116,0.158918,0.164051,9.739554
1755077365116,0.16315,0.162997,9.742044
1755077365118,0.16994,0.161024,9.746873
1755077365120,0.178674,0.157644,9.754246
1755077365122,0.181825,0.155259,9.758614
1755077365124,0.18059,0.153497,9.761055
1755077365126,0.175619,0.15276,9.761553
1755077365129,0.168715,0.153325,9.760739
1755077365131,0.161015,0.156073,9.758959
1755077365133,0.158994,0.159454,9.757522
1755077365135,0.160804,0.16339,9.755826
1755077365137,0.165344,0.167163,9.753278
1755077365138,0.170486,0.170065,9.749486
1755077365139,0.174365,0.171291,9.743147
1755077365141,0.173264,0.16995,9.739086
1755077365144,0.168868,0.167048,9.737639
1755077365146,0.162739,0.163505,9.740196
1755077365148,0.156906,0.160613,9.74711
1755077365150,0.153085,0.159655,9.760719
1755077365153,0.154503,0.161724,9.770632
1755077365155,0.159502,0.165497,9.77702
1755077365157,0.166809,0.169471,9.777987
1755077365159,0.174681,0.171923,9.773371
1755077365162,0.182668,0.170505,9.761744
1755077365165,0.184899,0.165813,9.752608
1755077365166,0.18331,0.15931,9.745942
1755077365167,0.178464,0.153104,9.742926
1755077365168,0.172028,0.149197,9.743136
1755077365170,0.164884,0.149475,9.745714
1755077365172,0.163074,0.153497,9.747044
1755077365174,0.165497,0.159157,9.746737
1755077365176,0.171396,0.164453,9.744995
1755077365179,0.178713,0.167671,9.742811
1755077365180,0.186374,0.167479,9.741393
1755077365183,0.18783,0.16451,9.742552
1755077365185,0.184938,0.16044,9.745541
1755077365187,0.178895,0.156734,9.749554
1755077365189,0.172124,0.154522,9.753653
1755077365191,0.166186,0.1548,9.758105
1755077365193,0.166091,0.157136,9.760586
1755077365194,0.16972,0.160536,9.762712
1755077365196,0.175505,0.164118,9.764953
1755077365198,0.181423,0.166981,9.767138
1755077365200,0.186595,0.168571,9.768746
1755077365203,0.187485,0.167843,9.767683
1755077365205,0.186307,0.165746,9.764043
1755077365207,0.184143,0.16293,9.758229
1755077365209,0.182113,0.160469,9.751718
1755077365212,0.180446,0.159521,9.745724
1755077365213,0.179881,0.161312,9.745665
1755077365214,0.179335,0.165056,9.750137
1755077365216,0.178272,0.169797,9.758124
1755077365218,0.175974,0.175045,9.770152
1755077365220,0.173896,0.176347,9.776569
1755077365222,0.172066,0.1747,9.778589
1755077365224,0.170994,0.170448,9.776053
1755077365226,0.170956,0.164779,9.770258
1755077365229,0.171913,0.159301,9.76366
1755077365231,0.174461,0.154206,9.75753
1755077365234,0.176778,0.152702,9.7564
1755077365235,0.17877,0.152712,9.757587
1755077365236,0.179833,0.153459,9.759274
1755077365239,0.179527,0.154129,9.759293
1755077365241,0.176912,0.154436,9.754628
1755077365243,0.173771,0.154474,9.748078
1755077365247,0.170831,0.154838,9.741156
1755077365248,0.169155,0.15592,9.7365
1755077365249,0.169442,0.157797,9.73649
1755077365251,0.172861,0.161206,9.745061
1755077365253,0.176558,0.163936,9.756227
1755077365256,0.179613,0.16655,9.768391
1755077365258,0.180666,0.168897,9.77814
1755077365258,0.179153,0.17086,9.782813
1755077365260,0.173733,0.172718,9.780056
1755077365266,0.168973,0.173053,9.77315
1755077365268,0.165621,0.172009,9.765288
1755077365269,0.165104,0.169222,9.75959
1755077365270,0.169624,0.162892,9.75867
1755077365272,0.175763,0.157117,9.762798
1755077365273,0.182419,0.151668,9.768936
1755077365276,0.187696,0.14777,9.77432
1755077365278,0.190358,0.146353,9.776588
1755077365279,0.190013,0.147435,9.774634
1755077365283,0.185962,0.151563,9.766494
1755077365284,0.181682,0.155039,9.758766
1755077365285,0.17741,0.157395,9.75209
1755077365288,0.173618,0.157893,9.748107
1755077365288,0.170276,0.156523,9.747389
1755077365290,0.167144,0.153966,9.749305
1755077365292,0.163179,0.1505,9.75392
1755077365294,0.160708,0.149235,9.757386
1755077365296,0.159301,0.149867,9.759934
1755077365299,0.159473,0.15252,9.761419
1755077365301,0.161724,0.156906,9.762051
1755077365303,0.167661,0.164108,9.762012
1755077365305,0.17334,0.169356,9.761754
1755077365307,0.17878,0.173513,9.761496
1755077365309,0.18263,0.176165,9.761419
1755077365312,0.183827,0.177238,9.7616
1755077365314,0.180638,0.176979,9.762214
1755077365315,0.17539,0.176299,9.762692
1755077365316,0.169088,0.175715,9.762559
1755077365319,0.163313,0.175217,9.761333
1755077365321,0.159511,0.17448,9.758795
1755077365324,0.15864,0.172086,9.754073
1755077365325,0.161005,0.168791,9.750711
1755077365326,0.164913,0.164415,9.748672
1755077365328,0.169328,0.159645,9.748576
1755077365330,0.173264,0.155661,9.750252
1755077365333,0.176683,0.153191,9.754073
1755077365335,0.177755,0.153813,9.756525
1755077365338,0.177956,0.156102,9.757492
1755077365339,0.177765,0.158918,9.756536
1755077365341,0.177707,0.16091,9.753728
1755077365345,0.17854,0.160938,9.748365
1755077365346,0.179776,0.158716,9.744401
1755077365347,0.181059,0.15524,9.741625
1755077365350,0.181758,0.151697,9.740915
1755077365352,0.181184,0.149274,9.74262
1755077365353,0.17765,0.148958,9.747733
1755077365354,0.173206,0.151093,9.752168
1755077365356,0.167977,0.154493,9.755251
1755077365358,0.16317,0.158171,9.755741
1755077365361,0.160009,0.161168,9.753413
1755077365363,0.159789,0.162911,9.747896
1755077365366,0.162959,0.162423,9.744439
1755077365367,0.168475,0.160948,9.743597
1755077365369,0.17539,0.159483,9.745971
1755077365371,0.182419,0.159013,9.750846
1755077365373,0.189697,0.161101,9.758134
1755077365375,0.192082,0.164913,9.761735
1755077365378,0.19122,0.170017,9.762788
1755077365380,0.187207,0.175505,9.7616
1755077365382,0.180676,0.180168,9.759321
1755077365384,0.17064,0.183453,9.75687
1755077365384,0.164194,0.182974,9.755998
1755077365387,0.16044,0.180168,9.755327
1755077365389,0.160239,0.175926,9.753843
1755077365392,0.163534,0.171674,9.750597
1755077365394,0.171463,0.168494,9.743855
1755077365396,0.177621,0.169136,9.738616
1755077365396,0.181844,0.172201,9.735141
1755077365398,0.182831,0.176472,9.734787
1755077365400,0.178809,0.180619,9.73966
1755077365402,0.173216,0.180255,9.746135
1755077365404,0.167508,0.175983,9.753135
1755077365407,0.16361,0.168322,9.758901
1755077365411,0.16293,0.15909,9.762359
1755077365412,0.165765,0.150614,9.763048
1755077365413,0.173647,0.144045,9.760242
1755077365415,0.180781,0.143882,9.756085
1755077365417,0.187083,0.147349,9.751124
1755077365420,0.191316,0.152913,9.745971
1755077365422,0.193049,0.158659,9.74125
1755077365423,0.191641,0.163677,9.737132
1755077365424,0.188615,0.164501,9.736232
1755077365427,0.184775,0.163064,9.737861
1755077365428,0.180829,0.160536,9.742017
1755077365432,0.177305,0.158324,9.748365
1755077365434,0.174058,0.158046,9.758679
1755077365436,0.172928,0.160488,9.766237
1755077365438,0.172813,0.164759,9.771943
1755077365439,0.17335,0.169548,9.774788
1755077365440,0.174011,0.17311,9.774012
1755077365444,0.173905,0.173599,9.768237
1755077365445,0.172411,0.16996,9.761993
1755077365447,0.169644,0.163773,9.755941
1755077365449,0.16611,0.156878,9.751908
1755077365451,0.1627,0.151438,9.750885
1755077365454,0.15977,0.149408,9.754141
1755077365456,0.159502,0.152214,9.758785
1755077365457,0.160785,0.157491,9.763745
1755077365458,0.163198,0.163218,9.767281
1755077365460,0.166148,0.167249,9.768448
1755077365463,0.170228,0.168102,9.765882
1755077365466,0.173321,0.165573,9.761543
1755077365468,0.176721,0.161771,9.756687
1755077365469,0.180484,0.158477,9.752934
1755077365470,0.184401,0.157002,9.751756
1755077365472,0.188462,0.158889,9.755777
1755077365474,0.189381,0.162854,9.762779
1755077365477,0.187677,0.167948,9.771495
1755077365479,0.183511,0.173082,9.779634
1755077365481,0.177899,0.177209,9.784556
1755077365484,0.171185,0.180034,9.782899
1755077365486,0.169146,0.179872,9.775314
1755077365487,0.17086,0.1781,9.764167
1755077365488,0.175955,0.175418,9.752714
1755077365491,0.182888,0.172574,9.744219
1755077365494,0.189123,0.170199,9.740905
1755077365496,0.192436,0.168437,9.745205
1755077365498,0.189774,0.167977,9.752274
1755077365500,0.183549,0.167652,9.75915
1755077365501,0.175974,0.166818,9.762951
1755077365504,0.170017,0.165114,9.762051
1755077365505,0.168341,0.16158,9.754476
1755077365506,0.17243,0.15885,9.747054
1755077365508,0.179651,0.157098,9.741451
1755077365511,0.187437,0.157127,9.739822
1755077365513,0.19303,0.159243,9.742686
1755077365515,0.19417,0.164309,9.751228
1755077365517,0.190358,0.168159,9.75781
1755077365520,0.184229,0.170573,9.761773
1755077365522,0.178062,0.17063,9.761688
1755077365522,0.173915,0.168341,9.757693
1755077365524,0.173015,0.163486,9.748988
1755077365526,0.175198,0.160354,9.742755
1755077365528,0.178186,0.159157,9.738913
1755077365531,0.180264,0.160316,9.738206
1755077365533,0.180389,0.163285,9.740437
1755077365535,0.177324,0.167632,9.746469
1755077365537,0.173742,0.169079,9.751803
1755077365539,0.17064,0.167786,9.756793
1755077365541,0.169031,0.163716,9.760911
1755077365544,0.169079,0.157835,9.763842
1755077365545,0.170754,0.149973,9.765766
1755077365546,0.171904,0.1462,9.765567
1755077365549,0.172105,0.145328,9.76433
1755077365551,0.171358,0.147272,9.762281
1755077365553,0.170343,0.151007,9.760002
1755077365555,0.170304,0.156006,9.757578
1755077365557,0.172057,0.157826,9.756881
1755077365560,0.175112,0.157088,9.757291
1755077365561,0.178311,0.154043,9.758737
1755077365564,0.180456,0.148517,9.76208
1755077365566,0.179307,0.145213,9.765039
1755077365566,0.175993,0.144179,9.767797
1755077365569,0.171703,0.146046,9.769656
1755077365571,0.167948,0.150432,9.769779
1755077365573,0.166033,0.156418,9.767568
1755077365576,0.166876,0.164386,9.761065
1755077365578,0.168944,0.168887,9.754543
1755077365580,0.17085,0.17153,9.748221
1755077365582,0.17154,0.172478,9.743941
1755077365584,0.17085,0.172296,9.743156
1755077365585,0.169375,0.171147,9.748375
1755077365588,0.169596,0.169893,9.755941
1755077365589,0.172086,0.168121,9.764665
1755077365590,0.17675,0.16564,9.772079
1755077365593,0.182438,0.162423,9.776061
1755077365594,0.188299,0.157854,9.774166
1755077365597,0.189056,0.155317,9.767595
1755077365600,0.185742,0.154474,9.758134
1755077365601,0.179105,0.155709,9.747934
1755077365602,0.170822,0.158525,9.739249
1755077365604,0.161264,0.163055,9.732334
1755077365606,0.157653,0.165497,9.731453
1755077365609,0.157826,0.1661,9.733809
1755077365612,0.161053,0.164702,9.7381
1755077365614,0.165602,0.16158,9.743366
1755077365615,0.170295,0.156188,9.750329
1755077365617,0.171224,0.1523,9.755003
1755077365620,0.169864,0.149312,9.759187
1755077365621,0.167412,0.147732,9.762989
1755077365622,0.165506,0.147799,9.766446
1755077365624,0.16611,0.150394,9.770201
1755077365627,0.169299,0.153947,9.771771
1755077365629,0.173905,0.158228,9.772058
1755077365631,0.178282,0.16248,9.770967
1755077365633,0.18082,0.165832,9.768649
1755077365636,0.179977,0.167853,9.764444
1755077365638,0.176548,0.167431,9.760769
1755077365639,0.172028,0.165717,9.757081
1755077365640,0.167843,0.163524,9.753643
1755077365642,0.165095,0.161685,9.750913
1755077365644,0.163945,0.160862,9.749169
1755077365647,0.164204,0.161752,9.749917
1755077365649,0.164319,0.163696,9.752483
1755077365651,0.16339,0.1661,9.756227
1755077365653,0.161273,0.168389,9.760251
1755077365656,0.15774,0.170611,9.763555
1755077365659,0.156169,0.171492,9.763401
1755077365660,0.156906,0.171904,9.761074
1755077365661,0.160603,0.172009,9.757463
1755077365663,0.16702,0.171856,9.754161
1755077365665,0.177698,0.17107,9.752493
1755077365667,0.185014,0.16972,9.753605
1755077365669,0.189717,0.167632,9.755922
1755077365671,0.190636,0.164893,9.757914
1755077365674,0.187677,0.161915,9.758277
1755077365676,0.17922,0.158659,9.755855
1755077365678,0.171932,0.157538,9.752818
1755077365678,0.166052,0.157893,9.750358
1755077365680,0.163016,0.159703,9.749629
1755077365683,0.163227,0.16249,9.750913
1755077365685,0.166991,0.166636,9.754227
1755077365687,0.170142,0.169308,9.756123
1755077365689,0.171817,0.17108,9.756362
1755077365692,0.171214,0.171885,9.754763
1755077365693,0.168667,0.171779,9.752322
1755077365696,0.164625,0.170448,9.750012
1755077365698,0.162844,0.168916,9.750252
1755077365700,0.162873,0.167173,9.752282
1755077365701,0.164194,0.16542,9.755136
1755077365702,0.16542,0.163974,9.757454
1755077365704,0.164625,0.162748,9.758221
1755077365706,0.161532,0.162308,9.757071
1755077365708,0.157088,0.162001,9.755482
1755077365711,0.153104,0.161436,9.754745
1755077365713,0.151553,0.160268,9.755597
1755077365715,0.155614,0.157874,9.758507
1755077365717,0.16338,0.155997,9.760413
1755077365719,0.173695,0.154761,9.760423
1755077365722,0.184229,0.154713,9.757751
1755077365725,0.192523,0.156044,9.752801
1755077365727,0.197014,0.159291,9.745894
1755077365728,0.195032,0.161877,9.742791
1755077365728,0.189468,0.163696,9.743261
1755077365731,0.18216,0.164348,9.746729
1755077365733,0.175495,0.163878,9.752436
1755077365735,0.170659,0.162806,9.757033
1755077365737,0.171578,0.162384,9.760155
1755077365739,0.176204,0.163237,9.760011
1755077365741,0.183176,0.16565,9.757761
1755077365744,0.190617,0.169414,9.754983
1755077365746,0.197943,0.175256,9.750962
1755077365748,0.199887,0.178761,9.753518
1755077365750,0.198719,0.180484,9.758776
1755077365751,0.195654,0.180054,9.764474
1755077365752,0.19258,0.177621,9.769137
1755077365754,0.191651,0.172718,9.768956
1755077365757,0.194112,0.169337,9.766484
1755077365760,0.198795,0.16723,9.762903
1755077365761,0.203929,0.16701,9.759982
1755077365764,0.20752,0.168695,9.758478
1755077365766,0.20775,0.172555,9.759409
1755077365767,0.204455,0.1756,9.759015
1755077365768,0.199734,0.177621,9.757492
1755077365770,0.195424,0.177985,9.754993
1755077365773,0.193145,0.176596,9.752033
1755077365776,0.193729,0.172325,9.753087
1755077365777,0.195788,0.16859,9.755777
1755077365780,0.197694,0.165229,9.761553
1755077365781,0.198441,0.162949,9.769281
1755077365783,0.198048,0.162135,9.776262
1755077365785,0.197397,0.162844,9.782765
1755077365787,0.198814,0.163763,9.78264
1755077365789,0.202597,0.164156,9.779299
1755077365792,0.208267,0.163371,9.775248
1755077365794,0.21386,0.161446,9.77271
1755077365797,0.216982,0.157864,9.773361
1755077365798,0.213534,0.155537,9.776004
1755077365799,0.205308,0.154455,9.778877
1755077365801,0.194323,0.15501,9.779183
1755077365804,0.1842,0.15683,9.777115
1755077365806,0.178119,0.160297,9.770478
1755077365809,0.181643,0.162289,9.76613
1755077365810,0.191249,0.162901,9.7639
1755077365811,0.204024,0.162011,9.764005
1755077365813,0.215746,0.159827,9.764848
1755077365815,0.222651,0.157232,9.765479
1755077365817,0.221042,0.155297,9.761659
1755077365819,0.212394,0.15637,9.756544
1755077365821,0.199964,0.160191,9.750742
1755077365824,0.187169,0.166512,9.746029
1755077365826,0.176903,0.173953,9.743788
1755077365829,0.17018,0.182247,9.74485
1755077365829,0.170592,0.184909,9.74757
1755077365830,0.174374,0.183463,9.74961
1755077365833,0.179575,0.17832,9.750759
1755077365835,0.184468,0.171406,9.750196
1755077365837,0.188491,0.163103,9.748013
1755077365839,0.189506,0.159779,9.747129
1755077365842,0.18941,0.159645,9.747628
1755077365846,0.189084,0.161934,9.748693
1755077365847,0.189104,0.165114,9.750273
1755077365849,0.190128,0.168523,9.751086
1755077365850,0.191412,0.169605,9.750204
1755077365851,0.192819,0.169615,9.747005
1755077365853,0.19417,0.169308,9.742648
1755077365855,0.195769,0.169395,9.738118
1755077365858,0.198738,0.170611,9.733521
1755077365859,0.201764,0.171923,9.733188
1755077365862,0.204877,0.172813,9.736232
1755077365863,0.207003,0.172794,9.742131
1755077365865,0.207223,0.171655,9.749189
1755077365867,0.204158,0.168399,9.758307
1755077365869,0.199935,0.165104,9.76365
1755077365871,0.195664,0.161666,9.767261
1755077365874,0.192848,0.158716,9.769549
1755077365876,0.192915,0.1566,9.770125
1755077365880,0.197321,0.155297,9.771638
1755077365881,0.202406,0.155575,9.771704
1755077365882,0.206897,0.156705,9.772346
1755077365883,0.209339,0.158056,9.772106
1755077365884,0.209292,0.159109,9.771265
1755077365887,0.206687,0.158985,9.770066
1755077365889,0.205221,0.157586,9.769206
1755077365891,0.20592,0.155393,9.769128
1755077365893,0.209138,0.153133,9.770679
1755077365896,0.213783,0.15161,9.77226
1755077365899,0.218016,0.151697,9.772518
1755077365899,0.216541,0.15342,9.770336
1755077365901,0.210019,0.156351,9.764828
1755077365903,0.199226,0.159808,9.757377
1755077365905,0.187073,0.163122,9.748835
1755077365907,0.175035,0.16655,9.739822
1755077365909,0.17267,0.167278,9.737917
1755077365912,0.176797,0.166148,9.739861
1755077365913,0.185666,0.16294,9.744794
1755077365914,0.195673,0.158161,9.750607
1755077365917,0.204379,0.150816,9.756085
1755077365919,0.204273,0.147014,9.756391
1755077365921,0.198211,0.146085,9.753834
1755077365924,0.188539,0.148737,9.750023
1755077365926,0.178483,0.154426,9.747265
1755077365928,0.170046,0.163256,9.746958
1755077365931,0.169979,0.167795,9.749725
1755077365932,0.175131,0.168466,9.753489
1755077365933,0.183587,0.165085,9.756467
1755077365936,0.19259,0.158822,9.756544
1755077365938,0.201075,0.149992,9.752264
1755077365939,0.202837,0.146113,9.745904
1755077365941,0.200921,0.145931,9.739717
1755077365942,0.196535,0.14912,9.735772
1755077365945,0.191603,0.154139,9.735494
1755077365948,0.186997,0.160172,9.7408
1755077365950,0.185627,0.162107,9.747398
1755077365951,0.185388,0.161599,9.754178
1755077365952,0.184765,0.159492,9.758785
1755077365954,0.182381,0.157395,9.761294
1755077365957,0.175409,0.157108,9.761744
1755077365960,0.168178,0.159425,9.760979
1755077365961,0.161245,0.162997,9.760566
1755077365964,0.15659,0.166062,9.760805
1755077365965,0.155815,0.166991,9.761591
1755077365966,0.161599,0.16338,9.761008
1755077365969,0.169739,0.157922,9.759762
1755077365971,0.178981,0.151936,9.757071
1755077365974,0.186939,0.14755,9.753815
1755077365976,0.191622,0.146123,9.750808
1755077365978,0.19123,0.148996,9.748327
1755077365979,0.186259,0.1532,9.747657
1755077365981,0.179019,0.157213,9.747676
1755077365983,0.171549,0.159703,9.74896
1755077365985,0.165899,0.160124,9.750501
1755077365988,0.163562,0.15863,9.753029
1755077365990,0.165851,0.157625,9.754868
1755077365992,0.170553,0.157854,9.756411
1755077365996,0.175821,0.159569,9.75736
1755077365997,0.179852,0.162222,9.7573
1755077365998,0.181509,0.16498,9.757176
1755077365999,0.1799,0.164903,9.757051
1755077366000,0.17696,0.162403,9.758173
1755077366002,0.174193,0.158008,9.760451
1755077366004,0.172737,0.152922,9.763535
1755077366007,0.173618,0.147818,9.768132
1755077366009,0.175591,0.14663,9.770411
1755077366011,0.177544,0.148134,9.771427
1755077366013,0.178627,0.151725,9.770612
1755077366016,0.178387,0.156121,9.768247
1755077366018,0.176874,0.160948,9.764176
1755077366020,0.175859,0.162126,9.760997
1755077366023,0.175447,0.160766,9.758392
1755077366024,0.175476,0.157108,9.756295
1755077366024,0.175054,0.152118,9.754437
1755077366026,0.17222,0.145883,9.751152
1755077366028,0.167968,0.143365,9.74757
1755077366030,0.162748,0.143748,9.743185
1755077366032,0.158295,0.14709,9.738817
1755077366034,0.156523,0.152424,9.736032
1755077366036,0.160258,0.159914,9.736663
1755077366039,0.167115,0.163696,9.741298
1755077366041,0.175457,0.164577,9.748586
1755077366043,0.182582,0.16248,9.756536
1755077366045,0.186231,0.158381,9.762587
1755077366047,0.184219,0.152453,9.764301
1755077366049,0.178406,0.149791,9.760194
1755077366051,0.171224,0.149676,9.752791
1755077366053,0.164855,0.151965,9.744976
1755077366056,0.160967,0.155633,9.73969
1755077366058,0.160498,0.15999,9.739738
1755077366060,0.162911,0.16136,9.745397
1755077366061,0.166493,0.160708,9.753748
1755077366062,0.17018,0.158736,9.762156
1755077366064,0.173254,0.15682,9.768076
1755077366067,0.175916,0.156686,9.769722
1755077366069,0.176903,0.159195,9.76682
1755077366071,0.17718,0.163514,9.762548
1755077366073,0.177056,0.168437,9.759312
1755077366075,0.176932,0.172526,9.759168
1755077366077,0.177228,0.174844,9.76478
1755077366080,0.178138,0.174039,9.772079
1755077366082,0.179517,0.171645,9.77926
1755077366084,0.180868,0.168609,9.783321
1755077366084,0.1815,0.165717,9.782104
1755077366088,0.179987,0.162001,9.772307
1755077366089,0.176654,0.158707,9.760931
1755077366090,0.171798,0.154388,9.750674
1755077366092,0.166225,0.1489,9.745025
1755077366094,0.161245,0.143173,9.746268
1755077366097,0.157759,0.138011,9.758182
1755077366099,0.158487,0.138375,9.771197
1755077366101,0.162097,0.143528,9.782928
1755077366103,0.167652,0.153018,9.789584
1755077366105,0.173532,0.164913,9.789191
1755077366108,0.178943,0.179163,9.778686
1755077366110,0.179575,0.184852,9.766763
1755077366112,0.177037,0.184248,9.75526
1755077366114,0.17222,0.177631,9.747149
1755077366114,0.166732,0.166943,9.744057
1755077366116,0.16136,0.15208,9.747149
1755077366118,0.160335,0.144639,9.752627
1755077366120,0.16203,0.142599,9.758105
1755077366122,0.165727,0.146094,9.761476
1755077366125,0.170142,0.15342,9.761888
1755077366127,0.173905,0.161848,9.759876
1755077366129,0.176615,0.170228,9.756276
1755077366131,0.176807,0.172335,9.755606
1755077366133,0.175868,0.170879,9.75849
1755077366135,0.174518,0.167307,9.764991
1755077366138,0.173493,0.163572,9.774222
1755077366139,0.173158,0.161091,9.786855
1755077366141,0.173647,0.161791,9.79351
1755077366144,0.174451,0.163945,9.795732
1755077366146,0.175141,0.166196,9.792754
1755077366148,0.17539,0.16723,9.785284
1755077366150,0.175265,0.165439,9.770977
1755077366151,0.175131,0.162193,9.759839
1755077366152,0.175428,0.158314,9.750722
1755077366155,0.176271,0.155077,9.745464
1755077366157,0.177372,0.153459,9.744699
1755077366159,0.178588,0.154215,9.750043
1755077366161,0.178799,0.156514,9.756391
1755077366163,0.178186,0.159435,9.762683
1755077366165,0.177276,0.162126,9.768285
1755077366168,0.176702,0.164166,9.771502
1755077366170,0.177458,0.165928,9.772911
1755077366173,0.179469,0.167182,9.770028
1755077366175,0.182409,0.168734,9.765604
1755077366177,0.185838,0.170544,9.761246
1755077366180,0.189142,0.171961,9.758211
1755077366182,0.192714,0.172095,9.758804
1755077366183,0.194342,0.169672,9.760941
1755077366184,0.194553,0.164597,9.763755
1755077366185,0.192906,0.157414,9.76683
1755077366188,0.189065,0.149207,9.768486
1755077366189,0.181021,0.139505,9.769406
1755077366192,0.174125,0.135675,9.767281
1755077366194,0.168274,0.135924,9.765892
1755077366196,0.1652,0.140568,9.766428
1755077366198,0.166282,0.148402,9.770813
1755077366200,0.174058,0.160095,9.783351
1755077366200,0.18308,0.166857,9.793156
1755077366202,0.192197,0.169758,9.799956
1755077366205,0.19869,0.168389,9.800434
1755077366207,0.200577,0.163553,9.793108
1755077366209,0.19485,0.155048,9.773994
1755077366211,0.185886,0.150002,9.757176
1755077366213,0.175696,0.147856,9.74439
1755077366216,0.167154,0.148919,9.740253
1755077366218,0.162777,0.152329,9.745724
1755077366221,0.16451,0.15795,9.76321
1755077366222,0.170247,0.161206,9.775601
1755077366222,0.177133,0.162787,9.781358
1755077366225,0.182563,0.162767,9.777365
1755077366227,0.184468,0.161829,9.765508
1755077366229,0.180791,0.160258,9.746249
1755077366231,0.174566,0.159339,9.738062
1755077366233,0.167699,0.158257,9.739411
1755077366236,0.162289,0.156657,9.750405
1755077366238,0.159885,0.154206,9.766159
1755077366240,0.162097,0.150203,9.783121
1755077366241,0.166598,0.147875,9.786021
1755077366243,0.171664,0.147358,9.778359
1755077366245,0.175447,0.149436,9.763382
1755077366248,0.176663,0.153784,9.746575
1755077366250,0.173972,0.160823,9.731971
1755077366252,0.169979,0.164673,9.731185
1755077366255,0.166043,0.165707,9.73854
1755077366256,0.16384,0.163648,9.750837
1755077366257,0.164348,0.159511,9.762654
1755077366259,0.169031,0.154282,9.771091
1755077366261,0.174097,0.15298,9.769492
1755077366263,0.178684,0.154981,9.762359
1755077366265,0.181404,0.159751,9.753155
1755077366267,0.181576,0.165593,9.745281
1755077366270,0.178655,0.171578,9.742419
1755077366272,0.17584,0.172699,9.746584
1755077366274,0.17402,0.170477,9.754571
1755077366276,0.174432,0.165822,9.763288
1755077366277,0.177066,0.160287,9.769032
1755077366279,0.182429,0.154388,9.768313
1755077366281,0.186068,0.152491,9.760893
1755077366284,0.187954,0.152961,9.750597
1755077366286,0.187677,0.15523,9.74079
1755077366289,0.1858,0.158601,9.735858
1755077366291,0.183425,0.162212,9.73811
1755077366293,0.181586,0.166866,9.751296
1755077366294,0.181998,0.170151,9.765528
1755077366295,0.183453,0.173082,9.778514
1755077366297,0.184784,0.175361,9.78537
1755077366299,0.184641,0.176319,9.783828
1755077366302,0.180896,0.174307,9.77001
1755077366305,0.175878,0.169739,9.756563
1755077366306,0.170458,0.163179,9.744927
1755077366310,0.166454,0.1557,9.738952
1755077366311,0.165209,0.148977,9.740502
1755077366312,0.168897,0.143394,9.752138
1755077366314,0.174528,0.142512,9.762798
1755077366316,0.180753,0.144351,9.770641
1755077366318,0.185713,0.148067,9.774184
1755077366319,0.188098,0.152405,9.772997
1755077366320,0.186997,0.157644,9.768746
1755077366323,0.1842,0.160536,9.766428
1755077366325,0.18148,0.162231,9.76798
1755077366327,0.180303,0.162739,9.772412
1755077366330,0.181155,0.162231,9.777967
1755077366332,0.184516,0.160268,9.782248
1755077366334,0.187025,0.157979,9.781022
1755077366336,0.187868,0.155116,9.776253
1755077366339,0.186508,0.151716,9.768986
1755077366340,0.18195,0.146621,9.759954
1755077366341,0.177995,0.142761,9.755855
1755077366343,0.17493,0.139592,9.754274
1755077366345,0.173302,0.13781,9.754381
1755077366347,0.172813,0.13805,9.754417
1755077366349,0.172507,0.140549,9.753643
1755077366352,0.170697,0.146803,9.750483
1755077366355,0.167747,0.152635,9.746863
1755077366357,0.164099,0.158238,9.74329
1755077366359,0.160842,0.162739,9.740273
1755077366360,0.159262,0.165612,9.738808
1755077366361,0.160929,0.166732,9.739613
1755077366363,0.164443,0.165947,9.742305
1755077366365,0.168504,0.164271,9.74667
1755077366368,0.171501,0.161992,9.751947
1755077366371,0.171923,0.159597,9.757273
1755077366372,0.16791,0.156763,9.762148
1755077366375,0.162787,0.155096,9.763248
1755077366376,0.158027,0.153851,9.761705
1755077366379,0.156102,0.152999,9.758211
1755077366379,0.158707,0.152444,9.754408
1755077366381,0.169328,0.152137,9.751784
1755077366383,0.180341,0.152501,9.753164
1755077366385,0.190502,0.153602,9.757655
1755077366388,0.196535,0.155556,9.764301
1755077366390,0.196382,0.158295,9.771551
1755077366392,0.186815,0.162528,9.779356
1755077366395,0.175792,0.165449,9.782344
1755077366396,0.165621,0.167527,9.782383
1755077366397,0.159799,0.168332,9.779969
1755077366399,0.16023,0.167747,9.775889
1755077366401,0.169691,0.165181,9.769157
1755077366404,0.180207,0.162605,9.764235
1755077366407,0.18964,0.160325,9.760145
1755077366409,0.195022,0.15908,9.757377
1755077366409,0.194811,0.15931,9.756276
1755077366411,0.186776,0.161771,9.756881
1755077366413,0.177956,0.164702,9.7578
1755077366415,0.170132,0.167719,9.757827
1755077366417,0.165909,0.169988,9.755491
1755077366421,0.166742,0.170975,9.750261
1755077366422,0.174872,0.169758,9.739832
1755077366425,0.183559,0.166809,9.731845
1755077366426,0.191469,0.162451,9.726561
1755077366427,0.196095,0.15727,9.726397
1755077366429,0.196028,0.151917,9.73242
1755077366432,0.18941,0.146075,9.747944
1755077366434,0.181931,0.143422,9.761553
1755077366437,0.175064,0.142579,9.772625
1755077366438,0.170994,0.143173,9.778408
1755077366441,0.170764,0.144706,9.777699
1755077366442,0.175533,0.147512,9.768429
1755077366444,0.180954,0.15004,9.758976
1755077366446,0.185895,0.15321,9.750616
1755077366447,0.188816,0.157347,9.745388
1755077366449,0.189084,0.162451,9.743999
1755077366451,0.186307,0.169739,9.746624
1755077366454,0.183223,0.174212,9.749994
1755077366455,0.180762,0.17674,9.753068
1755077366459,0.180015,0.176711,9.755404
1755077366460,0.181174,0.174288,9.757262
1755077366461,0.185091,0.168715,9.759993
1755077366464,0.188596,0.164118,9.762809
1755077366466,0.19146,0.160057,9.766189
1755077366468,0.192867,0.15704,9.769262
1755077366471,0.192417,0.155192,9.770977
1755077366473,0.189333,0.154378,9.769197
1755077366475,0.185742,0.154914,9.764388
1755077366475,0.181806,0.156207,9.757071
1755077366478,0.178052,0.157835,9.748672
1755077366480,0.174786,0.159291,9.740877
1755077366482,0.171262,0.159914,9.734088
1755077366485,0.169318,0.158946,9.7329
1755077366486,0.16792,0.157002,9.734978
1755077366488,0.167125,0.154771,9.738568
1755077366490,0.166905,0.15342,9.742734
1755077366492,0.167201,0.15411,9.748807
1755077366494,0.167498,0.156428,9.752895
1755077366496,0.167527,0.159444,9.757522
1755077366498,0.167259,0.161724,9.762195
1755077366499,0.166972,0.162174,9.766477
1755077366500,0.167393,0.15977,9.76911
1755077366503,0.168897,0.156351,9.769061
1755077366505,0.171339,0.15342,9.76639
1755077366508,0.174135,0.152587,9.763613
1755077366510,0.176424,0.156121,9.761543
1755077366512,0.175648,0.16225,9.761198
1755077366513,0.172517,0.169462,9.763181
1755077366514,0.167738,0.175677,9.763613
1755077366517,0.162921,0.17901,9.761822
1755077366520,0.160019,0.178531,9.75735
1755077366522,0.161647,0.172373,9.74689
1755077366525,0.167058,0.165851,9.737831
1755077366526,0.174643,0.159684,9.730112
1755077366527,0.182036,0.155546,9.726176
1755077366529,0.186824,0.154273,9.725372
1755077366532,0.186824,0.156255,9.730266
1755077366534,0.182093,0.159339,9.736127
1755077366537,0.175284,0.162787,9.741307
1755077366538,0.168762,0.165803,9.744535
1755077366541,0.164654,0.16814,9.745051
1755077366544,0.164769,0.170515,9.743079
1755077366545,0.168619,0.171454,9.741556
1755077366546,0.17426,0.171415,9.740646
1755077366548,0.180015,0.170151,9.742544
1755077366550,0.184737,0.167422,9.74533
1755077366553,0.188634,0.162289,9.751134
1755077366554,0.190147,0.158324,9.755797
1755077366555,0.191057,0.155288,9.760356
1755077366558,0.191517,0.154081,9.765039
1755077366562,0.191316,0.155029,9.768888
1755077366562,0.189812,0.157194,9.76998
1755077366564,0.186652,0.159435,9.768373
1755077366566,0.18194,0.161044,9.764742
1755077366569,0.176386,0.161819,9.760633
1755077366570,0.171138,0.161848,9.756227
1755077366572,0.166407,0.161532,9.753345
1755077366573,0.165468,0.161446,9.752407
1755077366577,0.16655,0.161369,9.752388
1755077366578,0.168849,0.160881,9.752552
1755077366579,0.171425,0.15954,9.751114
1755077366581,0.174097,0.156849,9.747073
1755077366583,0.175524,0.155135,9.74216
1755077366587,0.176797,0.154886,9.737573
1755077366588,0.178244,0.156801,9.734671
1755077366590,0.1799,0.160661,9.73377
1755077366591,0.181308,0.167029,9.7374
1755077366593,0.180973,0.170668,9.742447
1755077366596,0.179172,0.171683,9.748489
1755077366598,0.176539,0.169519,9.753997
1755077366600,0.174489,0.164807,9.75755
1755077366602,0.175179,0.157117,9.759522
1755077366604,0.179125,0.152626,9.759494
1755077366606,0.185378,0.150729,9.759895
1755077366608,0.191871,0.151812,9.761955
1755077366609,0.196152,0.155183,9.765882
1755077366611,0.195214,0.160737,9.772902
1755077366613,0.189056,0.163926,9.776866
1755077366615,0.179757,0.165305,9.777603
1755077366617,0.170103,0.165075,9.773935
1755077366619,0.162834,0.164223,9.766102
1755077366621,0.159674,0.163792,9.75576
1755077366624,0.162135,0.165028,9.742591
1755077366626,0.167087,0.167221,9.736452
1755077366628,0.172354,0.169615,9.734853
1755077366630,0.176041,0.171185,9.7374
1755077366632,0.177286,0.171291,9.742428
1755077366635,0.175227,0.169059,9.74939
1755077366636,0.171779,0.166454,9.752895
1755077366639,0.167498,0.164252,9.754391
1755077366640,0.162863,0.163227,9.754621
1755077366641,0.158257,0.163754,9.754763
1755077366643,0.152999,0.166311,9.756726
1755077366645,0.151103,0.1686,9.76004
1755077366647,0.152156,0.170256,9.764264
1755077366649,0.156791,0.170687,9.768332
1755077366652,0.164807,0.169826,9.770803
1755077366654,0.178148,0.167144,9.769732
1755077366656,0.187054,0.164644,9.765374
1755077366658,0.192647,0.162087,9.75869
1755077366660,0.193653,0.159559,9.751401
1755077366662,0.190157,0.156935,9.745368
1755077366664,0.181021,0.153114,9.742179
1755077366667,0.173503,0.15027,9.744488
1755077366667,0.16747,0.148029,9.750387
1755077366670,0.163917,0.147023,9.758326
1755077366671,0.162873,0.147636,9.766197
1755077366674,0.164166,0.150892,9.773341
1755077366676,0.166033,0.15434,9.774549
1755077366678,0.168044,0.157586,9.772154
1755077366681,0.170113,0.15977,9.767174
1755077366681,0.172315,0.160354,9.761094
1755077366683,0.175476,0.158812,9.754322
1755077366685,0.177717,0.156878,9.751727
1755077366687,0.179278,0.155451,9.751862
1755077366690,0.179642,0.155537,9.753978
1755077366692,0.177975,0.158678,9.757578
1755077366694,0.175533,0.162844,9.758928
1755077366696,0.172775,0.16724,9.75799
1755077366698,0.170352,0.170391,9.754916
1755077366702,0.168849,0.17108,9.750941
1755077366703,0.168379,0.168877,9.747829
1755077366704,0.169088,0.162758,9.747944
1755077366705,0.170343,0.157807,9.751995
1755077366708,0.171894,0.154407,9.758478
1755077366710,0.173541,0.153583,9.765451
1755077366713,0.17516,0.155317,9.77066
1755077366715,0.17696,0.159827,9.772202
1755077366716,0.177966,0.162969,9.769071
1755077366718,0.17878,0.164683,9.763755
1755077366719,0.179527,0.164683,9.758211
1755077366722,0.180322,0.163524,9.754428
1755077366724,0.181413,0.161637,9.753967
1755077366726,0.181844,0.16091,9.756649
1755077366728,0.181318,0.16089,9.760394
1755077366731,0.179354,0.161264,9.763708
1755077366733,0.175773,0.16157,9.765298
1755077366735,0.169328,0.161379,9.764444
1755077366736,0.164664,0.161063,9.762606
1755077366738,0.161637,0.160938,9.760941
1755077366740,0.161197,0.161226,9.760068
1755077366742,0.163716,0.161771,9.760089
1755077366744,0.170199,0.161791,9.760345
1755077366746,0.17538,0.160277,9.7596
1755077366748,0.178933,0.157031,9.757502
1755077366751,0.179718,0.152338,9.754265
1755077366753,0.177573,0.147061,9.750616
1755077366753,0.17198,0.141363,9.746508
1755077366756,0.167786,0.13963,9.744927
1755077366758,0.165238,0.140769,9.744631
1755077366760,0.164922,0.144619,9.745157
1755077366762,0.166522,0.150528,9.745914
1755077366764,0.169672,0.159588,9.746392
1755077366768,0.171387,0.165755,9.746105
1755077366769,0.172009,0.170371,9.745617
1755077366770,0.172086,0.172871,9.745541
1755077366771,0.172727,0.173206,9.746287
1755077366773,0.175993,0.170707,9.74871
1755077366776,0.180504,0.167412,9.751183
1755077366778,0.185685,0.163658,9.753307
1755077366780,0.189611,0.160105,9.754408
1755077366782,0.190674,0.157337,9.754391
1755077366785,0.186058,0.155403,9.753796
1755077366787,0.178847,0.155479,9.754151
1755077366790,0.170611,0.156724,9.756151
1755077366791,0.163763,0.15886,9.759876
1755077366792,0.160335,0.16158,9.764138
1755077366794,0.162442,0.165363,9.767873
1755077366797,0.16836,0.167719,9.767174
1755077366799,0.175763,0.169299,9.763027
1755077366799,0.182409,0.169835,9.756649
1755077366802,0.186346,0.169299,9.750377
1755077366803,0.185704,0.167345,9.746536
1755077366806,0.18148,0.165257,9.749036
1755077366809,0.175859,0.163198,9.755816
1755077366810,0.170841,0.161264,9.764561
1755077366812,0.168236,0.159492,9.772355
1755077366813,0.168753,0.157912,9.776378
1755077366816,0.173685,0.155786,9.773734
1755077366818,0.178655,0.154206,9.766878
1755077366820,0.182697,0.15275,9.758421
1755077366823,0.18444,0.151639,9.751009
1755077366824,0.183147,0.151122,9.746729
1755077366825,0.177803,0.151371,9.74667
1755077366828,0.172861,0.152262,9.749639
1755077366829,0.169031,0.153727,9.753633
1755077366832,0.16747,0.155748,9.757311
1755077366834,0.168456,0.158142,9.760183
1755077366836,0.172354,0.161666,9.76319
1755077366839,0.175198,0.163984,9.765278
1755077366840,0.176271,0.16542,9.767281
1755077366841,0.174911,0.165698,9.768698
1755077366843,0.171645,0.164711,9.76864
1755077366845,0.166751,0.162068,9.765451
1755077366848,0.16498,0.159856,9.760959
1755077366851,0.165899,0.157998,9.755731
1755077366852,0.168992,0.156897,9.751391
1755077366855,0.172766,0.156648,9.749247
1755077366857,0.175351,0.157701,9.750998
1755077366858,0.173982,0.159684,9.755184
1755077366860,0.170276,0.162844,9.76028
1755077366862,0.16632,0.167039,9.764541
1755077366864,0.164759,0.171703,9.766467
1755077366867,0.169615,0.176635,9.764474
1755077366868,0.178311,0.177592,9.760345
1755077366871,0.188596,0.175246,9.755491
1755077366872,0.196727,0.169758,9.751602
1755077366873,0.199648,0.1627,9.749823
1755077366876,0.192963,0.154771,9.751219
1755077366878,0.181864,0.152779,9.754447
1755077366880,0.169165,0.155288,9.758507
1755077366884,0.15863,0.16157,9.762415
1755077366885,0.152942,0.169404,9.765614
1755077366889,0.153765,0.177631,9.768323
1755077366890,0.15886,0.179565,9.769253
1755077366892,0.16497,0.177429,9.769216
1755077366893,0.169883,0.172488,9.768267
1755077366894,0.172536,0.166809,9.766562
1755077366896,0.172766,0.161417,9.763382
1755077366898,0.171808,0.16023,9.760931
1755077366900,0.170946,0.16113,9.758976
1755077366902,0.170668,0.163055,9.757856
1755077366905,0.171023,0.164874,9.757665
1755077366906,0.171904,0.165928,9.758163
1755077366908,0.172641,0.165813,9.758239
1755077366910,0.173656,0.165209,9.757444
1755077366912,0.175418,0.164357,9.755683
1755077366914,0.178071,0.163093,9.753298
1755077366917,0.182496,0.160048,9.750664
1755077366919,0.185148,0.156686,9.750214
1755077366920,0.185637,0.152961,9.751401
1755077366922,0.182831,0.149954,9.753815
1755077366924,0.173934,0.149302,9.757311
1755077366926,0.164913,0.152108,9.758881
1755077366928,0.156179,0.157165,9.758766
1755077366930,0.149848,0.163055,9.75709
1755077366933,0.147128,0.167814,9.754495
1755077366935,0.148067,0.169749,9.751688
1755077366936,0.152903,0.167058,9.74896
1755077366938,0.15705,0.161963,9.748509
1755077366940,0.160536,0.155882,9.74961
1755077366942,0.16316,0.15072,9.75233
1755077366944,0.165775,0.147808,9.756334
1755077366947,0.170889,0.148191,9.76229
1755077366948,0.176127,0.151199,9.766064
1755077366950,0.181672,0.155307,9.768132
1755077366951,0.185943,0.15931,9.768209
1755077366953,0.187351,0.16225,9.766552
1755077366956,0.183913,0.16406,9.763048
1755077366958,0.178416,0.164376,9.760796
1755077366960,0.17245,0.164568,9.75958
1755077366962,0.16814,0.165401,9.75958
1755077366964,0.166799,0.167154,9.760319
1755077366967,0.169442,0.170438,9.761669
1755077366968,0.173034,0.172842,9.762568
1755077366969,0.175926,0.174374,9.763276
1755077366971,0.176903,0.174758,9.763784
1755077366973,0.175782,0.174116,9.763918
1755077366976,0.172746,0.172632,9.762828
1755077366978,0.171444,0.171904,9.76073
1755077366980,0.172363,0.17199,9.757713
1755077366983,0.175581,0.172804,9.754447
1755077366985,0.179948,0.173848,9.752072
1755077366988,0.184363,0.174183,9.751918
1755077366989,0.184468,0.172421,9.754457
1755077366989,0.181308,0.168255,9.758622
1755077366992,0.175849,0.161752,9.763104
1755077366994,0.169931,0.153736,9.766503
1755077366997,0.164443,0.143202,9.767787
1755077366999,0.163352,0.13782,9.766254
1755077367001,0.164424,0.136039,9.76321
1755077367002,0.16633,0.138308,9.759724
1755077367004,0.167719,0.144121,9.756536
1755077367006,0.167211,0.154665,9.753528
1755077367008,0.165564,0.16225,9.752322
1755077367010,0.163993,0.167853,9.751554
1755077367013,0.16362,0.170774,9.750789
1755077367013,0.165075,0.171176,9.749687
1755077367016,0.167843,0.169835,9.748069
1755077367017,0.171521,0.167163,9.745339
1755077367020,0.172507,0.165391,9.743721
1755077367022,0.171281,0.163974,9.74328
1755077367024,0.168092,0.162739,9.74464
1755077367026,0.164194,0.16135,9.747809
1755077367028,0.160632,0.159281,9.753623
1755077367030,0.160661,0.158036,9.757444
1755077367033,0.163074,0.157663,9.759409
1755077367035,0.166914,0.158458,9.759091
1755077367036,0.170687,0.160105,9.756994
1755077367038,0.172995,0.162375,9.753692
1755077367040,0.171875,0.16316,9.752656
1755077367042,0.168772,0.162748,9.753948
1755077367044,0.16497,0.161637,9.75736
1755077367046,0.162145,0.160775,9.761918
1755077367049,0.16181,0.16181,9.767385
1755077367050,0.164415,0.164769,9.769349
1755077367053,0.168513,0.168868,9.768822
1755077367055,0.172536,0.172679,9.766064
1755077367057,0.175438,0.174537,9.760481
1755077367058,0.175169,0.172296,9.756496
1755077367059,0.173541,0.167374,9.753941
1755077367061,0.171913,0.161293,9.753481
1755077367064,0.171645,0.155958,9.754954
1755077367066,0.173235,0.153066,9.757463
1755077367069,0.177027,0.154033,9.760242
1755077367070,0.179105,0.157481,9.760539
1755077367073,0.178943,0.161561,9.758928
1755077367075,0.176156,0.164577,9.756161
1755077367075,0.171645,0.165487,9.753777
1755077367079,0.166474,0.163677,9.753556
1755077367080,0.165851,0.161216,9.756467
1755077367082,0.168944,0.159224,9.761361
1755077367084,0.17515,0.158697,9.766503
1755077367086,0.182544,0.159607,9.770066
1755077367088,0.189879,0.161771,9.770326
1755077367090,0.191373,0.162633,9.767289
1755077367092,0.189065,0.161791,9.762875
1755077367094,0.183951,0.159167,9.758833
1755077367097,0.177947,0.155614,9.756574
1755077367100,0.17154,0.151792,9.75667
1755077367102,0.169088,0.1514,9.757875
1755077367103,0.168705,0.15365,9.75849
1755077367105,0.169605,0.157883,9.75753
1755077367106,0.170898,0.162538,9.75485
1755077367108,0.171846,0.16634,9.750186
1755077367110,0.171387,0.166024,9.747944
1755077367113,0.169711,0.163237,9.747877
1755077367115,0.166608,0.159406,9.750204
1755077367116,0.162317,0.156456,9.753997
1755077367117,0.155872,0.156255,9.758412
1755077367119,0.151898,0.15908,9.759409
1755077367121,0.150251,0.163026,9.75801
1755077367123,0.152099,0.166148,9.755175
1755077367125,0.157768,0.166723,9.752675
1755077367127,0.169691,0.162767,9.752943
1755077367130,0.179307,0.157596,9.756687
1755077367132,0.186748,0.152846,9.762654
1755077367134,0.189985,0.150701,9.768879
1755077367136,0.188041,0.152539,9.773275
1755077367138,0.178339,0.161044,9.773945
1755077367140,0.168159,0.169912,9.770747
1755077367142,0.158123,0.178416,9.765738
1755077367145,0.150337,0.184325,9.760778
1755077367145,0.146018,0.186288,9.75735
1755077367149,0.145654,0.182783,9.756151
1755077367150,0.14823,0.177037,9.757281
1755077367151,0.151802,0.170563,9.759216
1755077367153,0.155432,0.16498,9.760873
1755077367155,0.158611,0.161302,9.761669
1755077367157,0.161992,0.159358,9.761294
1755077367159,0.164099,0.159243,9.760231
1755077367161,0.165602,0.159224,9.759054
1755077367165,0.166225,0.158774,9.758173
1755077367166,0.165727,0.157711,9.757836
1755077367168,0.163668,0.155863,9.758478
1755077367170,0.16202,0.154924,9.759665
1755077367172,0.161494,0.154905,9.761371
1755077367174,0.16293,0.156035,9.763401
1755077367176,0.166435,0.158333,9.765555
1755077367178,0.173005,0.162624,9.768199
1755077367181,0.177592,0.165947,9.76953
1755077367183,0.180312,0.168628,9.76998
1755077367184,0.180542,0.170084,9.769281
1755077367185,0.178483,0.169864,9.767357
1755077367187,0.173953,0.167144,9.76319
1755077367189,0.171051,0.164022,9.759513
1755077367191,0.169845,0.160957,9.756151
1755077367194,0.170697,0.158745,9.753911
1755077367196,0.173311,0.158075,9.753374
1755077367198,0.177765,0.159846,9.755597
1755077367201,0.18013,0.1627,9.758756
1755077367203,0.180513,0.166167,9.762175
1755077367205,0.178493,0.1695,9.76481
1755077367206,0.174384,0.172114,9.765892
1755077367207,0.167508,0.173982,9.764579
1755077367209,0.163036,0.174288,9.762003
1755077367211,0.160469,0.173982,9.758949
1755077367215,0.160488,0.173359,9.756267
1755077367216,0.162901,0.172517,9.754523
1755077367220,0.168188,0.170869,9.754342
1755077367221,0.171952,0.168906,9.755606
1755077367223,0.173963,0.16611,9.757444
1755077367225,0.173513,0.162557,9.759034
1755077367226,0.170774,0.158764,9.759494
1755077367227,0.165554,0.154618,9.757425
1755077367229,0.162461,0.153171,9.754131
1755077367232,0.161743,0.153631,9.750387
1755077367234,0.163955,0.156188,9.747359
1755077367236,0.16859,0.160469,9.746345
1755077367238,0.176012,0.167556,9.748719
1755077367240,0.180322,0.172699,9.752801
1755077367242,0.182323,0.176443,9.757723
1755077367244,0.181978,0.177956,9.762281
1755077367248,0.179996,0.176932,9.765567
1755077367249,0.176999,0.17221,9.767778
1755077367250,0.175715,0.167527,9.768296
1755077367251,0.175457,0.163313,9.768391
1755077367253,0.175725,0.160584,9.768257
1755077367256,0.175725,0.159789,9.767701
1755077367257,0.173886,0.160823,9.765691
1755077367260,0.170745,0.161963,9.762788
1755077367262,0.166617,0.162327,9.758862
1755077367264,0.162375,0.161475,9.754677
1755077367266,0.159042,0.159732,9.751239
1755077367270,0.157538,0.157117,9.749448
1755077367272,0.15887,0.155977,9.750693
1755077367273,0.161973,0.155949,9.753633
1755077367274,0.166071,0.156715,9.757186
1755077367276,0.170371,0.157807,9.760106
1755077367278,0.175457,0.158745,9.761429
1755077367281,0.178349,0.158669,9.76026
1755077367283,0.180111,0.158295,9.757636
1755077367286,0.180657,0.158103,9.754381
1755077367287,0.179862,0.158544,9.751564
1755077367288,0.176683,0.160517,9.749649
1755077367290,0.173235,0.162614,9.750186
1755077367292,0.169538,0.164625,9.752398
1755077367294,0.166569,0.166052,9.755826
1755077367297,0.165123,0.166703,9.759915
1755077367299,0.16633,0.166598,9.765173
1755077367300,0.169433,0.166119,9.768132
1755077367302,0.17358,0.165612,9.769521
1755077367304,0.177717,0.165123,9.769003
1755077367307,0.180724,0.164539,9.766667
1755077367309,0.181471,0.163323,9.761447
1755077367311,0.17922,0.162116,9.757176
1755077367312,0.175131,0.160938,9.753777
1755077367314,0.170391,0.160201,9.752063
1755077367316,0.166569,0.160392,9.752234
1755077367319,0.165008,0.161704,9.753711
1755077367321,0.167412,0.165248,9.756133
1755077367322,0.171942,0.168858,9.75709
1755077367324,0.177315,0.172813,9.756937
1755077367326,0.181883,0.176568,9.75621
1755077367329,0.184267,0.179565,9.755932
1755077367331,0.183482,0.181318,9.757435
1755077367334,0.180925,0.18036,9.760242
1755077367335,0.178397,0.177161,9.763487
1755077367336,0.177334,0.171999,9.765892
1755077367338,0.178598,0.165775,9.766408
1755077367340,0.183061,0.158228,9.763958
1755077367342,0.186537,0.155116,9.760796
1755077367344,0.188175,0.155297,9.75798
1755077367347,0.186834,0.158707,9.756487
1755077367348,0.182476,0.164281,9.756861
1755077367351,0.174212,0.172105,9.759417
1755077367353,0.168801,0.176185,9.761822
1755077367355,0.166158,0.177736,9.763794
1755077367356,0.166914,0.17697,9.764894
1755077367357,0.17062,0.174901,9.765221
1755077367359,0.177391,0.171894,9.764838
1755077367361,0.181327,0.170371,9.763909
1755077367364,0.182812,0.169519,9.762204
1755077367366,0.18149,0.168906,9.759484
1755077367368,0.178157,0.168054,9.755385
1755077367370,0.173091,0.166435,9.747972
1755077367372,0.170678,0.165631,9.74215
1755077367374,0.170525,0.165928,9.737507
1755077367376,0.172679,0.167862,9.734699
1755077367379,0.176625,0.171272,9.734814
1755077367381,0.1833,0.176366,9.740158
1755077367383,0.18827,0.178923,9.74462
1755077367384,0.19281,0.178684,9.749361
1755077367385,0.197072,0.174987,9.753567
1755077367389,0.201209,0.168552,9.755587
1755077367390,0.206763,0.158429,9.753155
1755077367391,0.210431,0.152578,9.747695
1755077367394,0.21273,0.14982,9.741987
1755077367397,0.213103,0.150892,9.738453
1755077367399,0.211293,0.155518,9.73763
1755077367400,0.206055,0.164836,9.741461
1755077367403,0.201276,0.172095,9.748777
1755077367405,0.197139,0.178186,9.757339
1755077367406,0.19462,0.182438,9.764368
1755077367407,0.194198,0.184622,9.767998
1755077367409,0.196775,0.184363,9.764158
1755077367411,0.200232,0.181682,9.758641
1755077367414,0.204015,0.17697,9.752562
1755077367416,0.207089,0.170697,9.748873
1755077367418,0.208774,0.163974,9.748893
1755077367421,0.208468,0.156648,9.75712
1755077367423,0.206667,0.154694,9.763535
1755077367425,0.204446,0.157251,9.767088
1755077367426,0.20276,0.164281,9.765182
1755077367427,0.202396,0.174317,9.757386
1755077367430,0.204292,0.188184,9.740723
1755077367432,0.206495,0.195242,9.727593
1755077367434,0.208066,0.197234,9.719435
1755077367436,0.207702,0.193777,9.718514
1755077367438,0.204848,0.186231,9.724538
1755077367440,0.19779,0.174145,9.738453
1755077367443,0.192025,0.167182,9.749333
1755077367444,0.187677,0.163917,9.756391
1755077367447,0.186135,0.164721,9.757771
1755077367448,0.187859,0.168782,9.752685
1755077367451,0.193949,0.175955,9.742284
1755077367453,0.199332,0.180073,9.734327
1755077367455,0.203392,0.181931,9.728791
1755077367456,0.204877,0.181088,9.727536
1755077367458,0.203249,0.177899,9.731109
1755077367460,0.199092,0.173608,9.738731
1755077367463,0.191737,0.167996,9.750979
1755077367465,0.186585,0.164941,9.7603
1755077367468,0.183089,0.163131,9.767308
1755077367471,0.182084,0.162518,9.770267
1755077367472,0.184574,0.162662,9.767394
1755077367473,0.189142,0.16338,9.761381
1755077367475,0.195118,0.164156,9.754197
1755077367477,0.201563,0.164951,9.748013
1755077367478,0.207261,0.165545,9.744104
1755077367481,0.211159,0.165707,9.743674
1755077367482,0.212126,0.164826,9.74825
1755077367485,0.209569,0.163629,9.752254
1755077367486,0.204637,0.162633,9.755521
1755077367489,0.19868,0.16249,9.756467
1755077367491,0.193155,0.163926,9.754983
1755077367493,0.188079,0.16769,9.750817
1755077367493,0.186748,0.170956,9.74737
1755077367496,0.187035,0.172928,9.745214
1755077367498,0.188203,0.172593,9.744458
1755077367500,0.189094,0.169758,9.744814
1755077367502,0.18897,0.163457,9.746528
1755077367504,0.187514,0.158506,9.747543
1755077367506,0.18533,0.154867,9.748384
1755077367509,0.183089,0.153325,9.75007
1755077367511,0.181241,0.153717,9.753001
1755077367513,0.180216,0.156293,9.758105
1755077367514,0.180484,0.158783,9.763775
1755077367516,0.181452,0.161235,9.76956
1755077367519,0.182792,0.163648,9.772979
1755077367521,0.184334,0.166234,9.772911
1755077367523,0.186499,0.169864,9.766744
1755077367524,0.188041,0.172191,9.758354
1755077367525,0.189439,0.173503,9.749429
1755077367528,0.190167,0.172813,9.743261
1755077367530,0.189784,0.16995,9.742764
1755077367532,0.186863,0.163553,9.751095
1755077367534,0.182812,0.158601,9.762989
1755077367536,0.177793,0.155432,9.773821
1755077367538,0.172928,0.155432,9.778849
1755077367541,0.169701,0.159167,9.774491
1755077367543,0.170084,0.168054,9.755434
1755077367546,0.174614,0.175428,9.737103
1755077367547,0.182218,0.180877,9.722958
1755077367548,0.191182,0.183032,9.719396
1755077367550,0.199073,0.181691,9.727996
1755077367552,0.203833,0.176692,9.752503
1755077367554,0.201352,0.173225,9.771052
1755077367557,0.19394,0.172124,9.780994
1755077367559,0.183741,0.174173,9.778476
1755077367561,0.173848,0.178809,9.764608
1755077367564,0.166665,0.185627,9.739191
1755077367565,0.167996,0.188165,9.726386
1755077367566,0.174853,0.186709,9.724357
1755077367569,0.184947,0.181069,9.733014
1755077367571,0.194936,0.172612,9.749496
1755077367572,0.202913,0.161254,9.772586
1755077367575,0.203,0.155795,9.781654
1755077367577,0.198623,0.154512,9.782688
1755077367580,0.191833,0.157117,9.776856
1755077367581,0.185254,0.16202,9.768027
1755077367582,0.180063,0.168399,9.756506
1755077367584,0.17968,0.170324,9.754227
1755077367587,0.181308,0.169155,9.756621
1755077367589,0.183319,0.16566,9.762165
1755077367591,0.18421,0.161369,9.76911
1755077367593,0.182467,0.1575,9.774347
1755077367594,0.179508,0.157452,9.774759
1755077367597,0.176481,0.15955,9.770556
1755077367598,0.174633,0.162423,9.763469
1755077367601,0.174662,0.164491,9.75595
1755077367603,0.177152,0.163677,9.748988
1755077367605,0.179249,0.160526,9.747359
1755077367607,0.179996,0.15659,9.749486
1755077367609,0.178176,0.154053,9.754352
1755077367612,0.171434,0.155891,9.760901
1755077367613,0.164252,0.161369,9.763918
1755077367614,0.156926,0.169098,9.763258
1755077367616,0.15116,0.176462,9.759886
1755077367620,0.148335,0.180992,9.754888
1755077367621,0.148996,0.181174,9.748683
1755077367621,0.154752,0.175418,9.744018
1755077367624,0.161369,0.168542,9.744113
1755077367626,0.16836,0.16204,9.747925
1755077367629,0.174489,0.157567,9.754447
1755077367632,0.178943,0.155805,9.760089
1755077367633,0.181959,0.157385,9.763095
1755077367635,0.18285,0.160124,9.760221
1755077367637,0.18329,0.163141,9.753881
1755077367639,0.183788,0.165746,9.746498
1755077367640,0.184334,0.167297,9.739947
1755077367641,0.183453,0.167546,9.735254
1755077367644,0.180523,0.166167,9.734565
1755077367646,0.175313,0.163505,9.736135
1755077367648,0.16836,0.159722,9.739077
1755077367651,0.161321,0.155029,9.742044
1755077367653,0.155278,0.148785,9.745025
1755077367655,0.155154,0.14528,9.745502
1755077367657,0.159042,0.143824,9.745617
1755077367658,0.165679,0.144801,9.745971
1755077367660,0.172804,0.147914,9.746757
1755077367662,0.178837,0.153804,9.749343
1755077367664,0.179019,0.157883,9.751882
1755077367666,0.175907,0.160689,9.755146
1755077367669,0.171233,0.161886,9.758191
1755077367671,0.167355,0.161637,9.760451
1755077367673,0.166435,0.160201,9.761419
1755077367675,0.169117,0.159167,9.760164
1755077367676,0.172976,0.158554,9.7578
1755077367679,0.176003,0.158372,9.754274
1755077367681,0.176558,0.158534,9.750933
1755077367683,0.173168,0.158812,9.748145
1755077367685,0.169442,0.159272,9.747628
1755077367686,0.167,0.160402,9.748693
1755077367688,0.167661,0.162566,9.749784
1755077367690,0.171875,0.16588,9.750548
1755077367692,0.180944,0.17109,9.749802
1755077367695,0.187562,0.174097,9.7476
1755077367696,0.191479,0.17515,9.745013
1755077367699,0.191345,0.173446,9.742035
1755077367701,0.187255,0.169241,9.740216
1755077367704,0.177927,0.161551,9.740091
1755077367705,0.170936,0.156246,9.741642
1755077367706,0.166148,0.153028,9.744775
1755077367708,0.164711,0.15275,9.74828
1755077367711,0.166522,0.155479,9.752129
1755077367712,0.171616,0.162231,9.756726
1755077367715,0.175016,0.168044,9.758871
1755077367717,0.176146,0.173168,9.759934
1755077367719,0.174509,0.176817,9.759321
1755077367721,0.170841,0.178627,9.757463
1755077367722,0.165478,0.17833,9.753633
1755077367724,0.163591,0.176481,9.750299
1755077367726,0.164855,0.173752,9.748213
1755077367728,0.169241,0.170553,9.747657
1755077367730,0.175639,0.16702,9.749208
1755077367733,0.184124,0.162011,9.754256
1755077367735,0.188079,0.158161,9.758335
1755077367737,0.188903,0.15457,9.761974
1755077367740,0.186681,0.151639,9.764188
1755077367741,0.182582,0.149781,9.764444
1755077367742,0.176932,0.1498,9.762798
1755077367744,0.17426,0.151735,9.760385
1755077367746,0.173608,0.15502,9.758307
1755077367749,0.1747,0.158994,9.757147
1755077367752,0.176702,0.162662,9.756583
1755077367753,0.178856,0.16566,9.757147
1755077367754,0.179058,0.165727,9.757597
1755077367756,0.177707,0.163878,9.758163
1755077367758,0.175102,0.160459,9.759025
1755077367761,0.171971,0.156351,9.759522
1755077367763,0.168351,0.152013,9.7605
1755077367765,0.167067,0.150959,9.761208
1755077367768,0.167403,0.152434,9.761343
1755077367768,0.169375,0.156198,9.760979
1755077367770,0.172421,0.161149,9.75959
1755077367772,0.176893,0.167345,9.757281
1755077367774,0.17969,0.17018,9.756286
1755077367777,0.181615,0.170946,9.756457
1755077367778,0.182869,0.170075,9.758202
1755077367781,0.183827,0.168351,9.760194
1755077367783,0.184919,0.166205,9.761955
1755077367785,0.185445,0.1652,9.761524
1755077367786,0.18511,0.164558,9.759091
1755077367788,0.183463,0.163964,9.75622
1755077367790,0.180456,0.163093,9.754103
1755077367792,0.176845,0.161743,9.754121
1755077367794,0.173541,0.159368,9.75869
1755077367797,0.174183,0.157452,9.762971
1755077367799,0.178224,0.155709,9.766782
1755077367800,0.185014,0.154541,9.768103
1755077367801,0.192647,0.154081,9.766064
1755077367804,0.199945,0.154512,9.761229
1755077367806,0.200692,0.155297,9.757463
1755077367808,0.19665,0.156006,9.756544
1755077367811,0.188835,0.156246,9.75958
1755077367813,0.179766,0.155863,9.7648
1755077367815,0.170869,0.154656,9.771781
1755077367818,0.16926,0.153775,9.773457
1755077367819,0.172794,0.153267,9.770593
1755077367820,0.180073,0.153258,9.764599
1755077367822,0.188452,0.15365,9.757273
1755077367824,0.196574,0.154665,9.750539
1755077367827,0.19778,0.155997,9.750473
1755077367828,0.194668,0.15819,9.754141
1755077367830,0.188778,0.161704,9.760423
1755077367833,0.182735,0.166387,9.765584
1755077367835,0.178493,0.173436,9.767059
1755077367837,0.179316,0.177736,9.763583
1755077367839,0.182879,0.179824,9.756352
1755077367841,0.186978,0.178933,9.74871
1755077367842,0.189333,0.175102,9.74238
1755077367845,0.187284,0.16723,9.739478
1755077367847,0.182218,0.16135,9.742131
1755077367848,0.175907,0.157318,9.746948
1755077367850,0.170324,0.156226,9.752111
1755077367852,0.167106,0.158142,9.75485
1755077367854,0.166675,0.164022,9.754064
1755077367856,0.167814,0.168858,9.751134
1755077367858,0.168695,0.172143,9.748318
1755077367861,0.168159,0.172785,9.747993
1755077367863,0.166263,0.170582,9.750837
1755077367865,0.163524,0.164702,9.759264
1755077367867,0.162863,0.160134,9.766247
1755077367869,0.164099,0.157069,9.770948
1755077367870,0.166502,0.156274,9.771982
1755077367871,0.168399,0.15751,9.768103
1755077367873,0.167048,0.160651,9.757933
1755077367877,0.161944,0.162461,9.749917
1755077367878,0.15412,0.162815,9.744248
1755077367880,0.145769,0.161743,9.743491
1755077367882,0.139802,0.159827,9.747466
1755077367884,0.139323,0.157653,9.758833
1755077367886,0.145462,0.157328,9.768861
1755077367888,0.155671,0.158238,9.777029
1755077367890,0.167096,0.159933,9.781445
1755077367893,0.176893,0.161465,9.780399
1755077367895,0.183999,0.162222,9.771725
1755077367897,0.184631,0.161628,9.762148
1755077367899,0.182821,0.160632,9.753001
1755077367901,0.180609,0.16022,9.747484
1755077367902,0.179747,0.16113,9.747103
1755077367903,0.18148,0.164721,9.754772
1755077367905,0.183798,0.168245,9.76388
1755077367908,0.185359,0.171157,9.772327
1755077367910,0.184804,0.172325,9.777634
1755077367914,0.181729,0.171243,9.778379
1755077367915,0.175361,0.167048,9.773341
1755077367917,0.171099,0.163237,9.767443
1755077367919,0.169193,0.160191,9.761945
1755077367921,0.170458,0.158391,9.758191
1755077367923,0.17447,0.15773,9.75622
1755077367926,0.181231,0.157481,9.75526
1755077367928,0.184717,0.156437,9.754601
1755077367929,0.185091,0.154014,9.753518
1755077367930,0.18216,0.150222,9.752158
1755077367932,0.177123,0.145596,9.751258
1755077367934,0.170956,0.13986,9.752427
1755077367936,0.1695,0.137293,9.755625
1755077367938,0.171664,0.13713,9.760778
1755077367941,0.176702,0.139678,9.766888
1755077367943,0.182285,0.144734,9.772393
1755077367945,0.186192,0.154263,9.77656
1755077367948,0.18421,0.162346,9.776138
1755077367950,0.177995,0.170065,9.772768
1755077367951,0.169375,0.176501,9.767817
1755077367953,0.161053,0.180982,9.762989
1755077367955,0.15502,0.18331,9.75912
1755077367957,0.156255,0.182208,9.758853
1755077367960,0.161963,0.179105,9.760194
1755077367961,0.170132,0.174748,9.76184
1755077367964,0.178052,0.170132,9.762539
1755077367965,0.184085,0.165286,9.761429
1755077367966,0.183769,0.16361,9.759609
1755077367969,0.180034,0.163869,9.758047
1755077367971,0.174758,0.165765,9.757713
1755077367973,0.170314,0.168494,9.758795
1755077367976,0.168504,0.171042,9.760644
1755077367977,0.170898,0.172335,9.762559
1755077367980,0.174767,0.170754,9.762136
1755077367982,0.178244,0.166828,9.759532
1755077367983,0.179517,0.161159,9.75482
1755077367984,0.177908,0.154886,9.748739
1755077367986,0.172861,0.148067,9.740935
1755077367989,0.169366,0.145558,9.737199
1755077367991,0.168188,0.145941,9.736672
1755077367996,0.170209,0.1489,9.740026
1755077367998,0.174738,0.153622,9.746718
1755077368000,0.181193,0.160948,9.757607
1755077368001,0.183453,0.166091,9.764273
1755077368001,0.182055,0.170189,9.767308
1755077368003,0.177238,0.173015,9.765987
1755077368005,0.170582,0.174374,9.761112
1755077368007,0.162787,0.17379,9.753242
1755077368009,0.159971,0.171722,9.749888
1755077368010,0.160412,0.168513,9.750711
1755077368012,0.163352,0.164664,9.75598
1755077368014,0.167412,0.160622,9.764119
1755077368016,0.172134,0.155345,9.774846
1755077368018,0.174327,0.15161,9.779414
1755077368020,0.175447,0.148067,9.779375
1755077368023,0.176175,0.145002,9.774654
1755077368026,0.177276,0.143259,9.766744
1755077368028,0.17945,0.144868,9.7555
1755077368029,0.181021,0.150059,9.749409
1755077368030,0.181787,0.158582,9.74711
1755077368032,0.180973,0.168887,9.748903
1755077368034,0.178502,0.17855,9.753594
1755077368036,0.173953,0.185905,9.76115
1755077368038,0.170735,0.185062,9.76523
1755077368041,0.168772,0.178952,9.76637
1755077368043,0.168437,0.169481,9.764427
1755077368046,0.169471,0.159578,9.760242
1755077368048,0.17176,0.150413,9.754016
1755077368049,0.173005,0.148546,9.751183
1755077368050,0.173225,0.150768,9.751104
1755077368052,0.172287,0.155719,9.754111
1755077368054,0.170659,0.161484,9.759446
1755077368057,0.168561,0.167623,9.767289
1755077368059,0.168025,0.169816,9.771465
1755077368061,0.168676,0.169883,9.772738
1755077368065,0.170343,0.168207,9.770796
1755077368065,0.17244,0.165612,9.765958
1755077368067,0.174595,0.162241,9.754035
1755077368069,0.174796,0.160938,9.744976
1755077368071,0.173685,0.160977,9.73604
1755077368073,0.171664,0.162403,9.728791
1755077368076,0.169404,0.164702,9.722834
1755077368078,0.167709,0.16792,9.719578
1755077368079,0.167948,0.169289,9.721465
1755077368080,0.169404,0.169356,9.72653
1755077368083,0.171501,0.168351,9.735228
1755077368085,0.173551,0.166589,9.745225
1755077368087,0.175495,0.164089,9.756334
1755077368089,0.176453,0.163036,9.759369
1755077368092,0.177592,0.162681,9.757051
1755077368094,0.179469,0.162748,9.750875
1755077368095,0.182237,0.162806,9.743895
1755077368097,0.186642,0.162384,9.739995
1755077368100,0.189257,0.16157,9.743529
1755077368100,0.190282,0.16089,9.752322
1755077368102,0.189458,0.160775,9.762722
1755077368104,0.187198,0.161455,9.771839
1755077368106,0.184133,0.163553,9.775248
1755077368108,0.183511,0.165564,9.769933
1755077368110,0.185091,0.167326,9.759618
1755077368113,0.188328,0.168303,9.747523
1755077368115,0.191919,0.16836,9.737659
1755077368117,0.194582,0.167048,9.731971
1755077368119,0.193346,0.16519,9.735054
1755077368121,0.189247,0.162949,9.742437
1755077368124,0.183137,0.160737,9.752588
1755077368124,0.176644,0.158994,9.761955
1755077368127,0.170687,0.15818,9.768209
1755077368128,0.169816,0.158918,9.767787
1755077368130,0.172344,0.160517,9.763009
1755077368132,0.177161,0.16248,9.756574
1755077368134,0.182496,0.164118,9.750415
1755077368136,0.186824,0.165181,9.747398
1755077368138,0.186049,0.165152,9.748949
1755077368141,0.181749,0.164817,9.754638
1755077368144,0.17538,0.164874,9.761802
1755077368145,0.169299,0.165832,9.767758
1755077368147,0.165535,0.168801,9.770919
1755077368149,0.167642,0.171712,9.76887
1755077368151,0.173455,0.174432,9.762903
1755077368153,0.18126,0.176003,9.754064
1755077368154,0.188855,0.175677,9.745397
1755077368156,0.195252,0.17199,9.735783
1755077368158,0.196325,0.167604,9.733531
1755077368160,0.194668,0.162825,9.735934
1755077368162,0.191316,0.158946,9.742476
1755077368164,0.186211,0.156533,9.754274
1755077368166,0.182936,0.156791,9.761831
1755077368168,0.180398,0.158563,9.764657
1755077368170,0.178876,0.161063,9.761008
1755077368172,0.178397,0.163735,9.752455
1755077368175,0.179019,0.16632,9.741192
1755077368177,0.181643,0.169691,9.72998
1755077368180,0.184229,0.172545,9.729652
1755077368180,0.186614,0.175514,9.737304
1755077368182,0.187859,0.178176,9.750875
1755077368184,0.187485,0.179939,9.765748
1755077368186,0.184708,0.180073,9.780515
1755077368188,0.182036,0.178473,9.782104
1755077368191,0.180121,0.176137,9.777153
1755077368192,0.1799,0.173867,9.767739
1755077368195,0.181595,0.172363,9.758077
1755077368197,0.185848,0.171856,9.750444
1755077368199,0.189152,0.171798,9.750846
1755077368201,0.191182,0.170908,9.754514
1755077368203,0.191029,0.168437,9.758277
1755077368205,0.188405,0.164252,9.76071
1755077368207,0.181911,0.157098,9.758365
1755077368210,0.176271,0.15252,9.753537
1755077368210,0.171463,0.149858,9.748088
1755077368212,0.168772,0.149638,9.744142
1755077368214,0.168916,0.151467,9.742544
1755077368216,0.173532,0.154761,9.743951
1755077368218,0.179192,0.156006,9.746306
1755077368220,0.185436,0.155288,9.747647
1755077368222,0.190875,0.152903,9.748567
1755077368225,0.194553,0.149685,9.748662
1755077368227,0.195999,0.146535,9.749169
1755077368229,0.194811,0.146018,9.751219
1755077368231,0.192379,0.1471,9.754246
1755077368233,0.189324,0.149149,9.756975
1755077368235,0.186278,0.151103,9.757071
1755077368238,0.182706,0.152482,9.752618
1755077368240,0.18036,0.152444,9.744631
1755077368241,0.178176,0.152003,9.735629
1755077368242,0.176079,0.151649,9.72746
1755077368244,0.174125,0.151831,9.722978
1755077368246,0.17221,0.153143,9.725448
1755077368249,0.171913,0.154378,9.733885
1755077368251,0.172842,0.155623,9.746316
1755077368253,0.175112,0.156447,9.759082
1755077368255,0.178339,0.156648,9.770315
1755077368257,0.182907,0.155795,9.777135
1755077368260,0.185522,0.154541,9.775948
1755077368262,0.186719,0.152999,9.769922
1755077368263,0.186355,0.151677,9.761524
1755077368264,0.184737,0.151141,9.754265
1755077368266,0.181873,0.151792,9.749476
1755077368268,0.18014,0.153468,9.751344
1755077368270,0.179393,0.155537,9.755902
1755077368272,0.179527,0.157232,9.761974
1755077368275,0.17991,0.157874,9.766189
1755077368277,0.179374,0.156313,9.766228
1755077368279,0.177305,0.153344,9.761621
1755077368281,0.173896,0.149647,9.75368
1755077368283,0.169902,0.146525,9.745685
1755077368285,0.16678,0.145108,9.738855
1755077368287,0.165976,0.147483,9.735254
1755077368290,0.168466,0.152444,9.736912
1755077368292,0.172871,0.15909,9.741375
1755077368292,0.177506,0.165612,9.746757
1755077368294,0.180417,0.170132,9.750367
1755077368296,0.179096,0.170927,9.752322
1755077368298,0.173838,0.167259,9.749668
1755077368300,0.166071,0.161178,9.746183
1755077368303,0.157922,0.15456,9.742457
1755077368305,0.151764,0.149484,9.74011
1755077368307,0.149685,0.147914,9.740091
1755077368309,0.153727,0.151065,9.74172
1755077368312,0.161666,0.15704,9.744047
1755077368313,0.171616,0.163926,9.745281
1755077368315,0.181203,0.169787,9.746614
1755077368318,0.189602,0.173551,9.746854
1755077368319,0.191278,0.173187,9.748078
1755077368320,0.189075,0.171233,9.749793
1755077368322,0.184229,0.169241,9.752762
1755077368325,0.178473,0.16859,9.756947
1755077368326,0.172402,0.169768,9.762884
1755077368329,0.170477,0.17086,9.766963
1755077368331,0.171252,0.170304,9.768601
1755077368333,0.174279,0.166952,9.768237
1755077368336,0.178445,0.160871,9.764579
1755077368338,0.183607,0.151457,9.756621
1755077368340,0.185618,0.146477,9.750827
1755077368341,0.18534,0.145433,9.746967
1755077368342,0.182831,0.149063,9.747724
1755077368344,0.178789,0.156121,9.752043
1755077368347,0.174346,0.164328,9.759484
1755077368349,0.169634,0.173062,9.767509
1755077368352,0.167862,0.175782,9.769349
1755077368353,0.16747,0.175045,9.766111
1755077368354,0.168083,0.171789,9.758066
1755077368357,0.169385,0.166129,9.74667
1755077368359,0.170065,0.162432,9.740608
1755077368362,0.170438,0.159942,9.739842
1755077368363,0.170783,0.158554,9.74396
1755077368364,0.171415,0.157979,9.750998
1755077368366,0.172555,0.158094,9.758652
1755077368368,0.174662,0.158898,9.764359
1755077368371,0.176165,0.159818,9.765029
1755077368373,0.176941,0.160613,9.762702
1755077368377,0.176711,0.160823,9.760058
1755077368378,0.175581,0.160038,9.758776
1755077368381,0.173359,0.157586,9.759809
1755077368381,0.172143,0.155345,9.762089
1755077368382,0.171961,0.153612,9.763373
1755077368385,0.172794,0.153085,9.762559
1755077368387,0.174882,0.154177,9.75712
1755077368390,0.176175,0.155585,9.751765
1755077368391,0.176548,0.156485,9.747494
1755077368394,0.175821,0.156169,9.74623
1755077368396,0.174231,0.154551,9.74896
1755077368399,0.171961,0.151151,9.756917
1755077368400,0.17107,0.148852,9.76364
1755077368401,0.171243,0.147646,9.767902
1755077368403,0.172354,0.148096,9.768066
1755077368406,0.173867,0.150432,9.763738
1755077368407,0.175208,0.156408,9.753318
1755077368409,0.17494,0.162643,9.744775
1755077368412,0.173493,0.169634,9.738223
1755077368414,0.171444,0.176405,9.735159
1755077368415,0.169433,0.181768,9.735704
1755077368416,0.16815,0.184804,9.740694
1755077368418,0.168858,0.183444,9.745627
1755077368420,0.170716,0.179307,9.750148
1755077368423,0.173149,0.173551,9.753737
1755077368424,0.175303,0.167632,9.756621
1755077368426,0.176625,0.161637,9.760605
1755077368428,0.17628,0.159416,9.764427
1755077368431,0.175131,0.158994,9.768812
1755077368433,0.173675,0.159751,9.773006
1755077368435,0.172325,0.161005,9.77608
1755077368437,0.17086,0.162432,9.777336
1755077368439,0.169864,0.162969,9.776167
1755077368441,0.168782,0.163083,9.773955
1755077368443,0.167604,0.162969,9.77157
1755077368446,0.16679,0.162787,9.769626
1755077368448,0.167077,0.162557,9.767835
1755077368449,0.168992,0.162346,9.766639
1755077368450,0.172478,0.161992,9.764858
1755077368452,0.177113,0.161302,9.76232
1755077368454,0.18218,0.160249,9.75936
1755077368456,0.187983,0.158582,9.755615
1755077368459,0.190607,0.157357,9.753941
1755077368461,0.191431,0.156619,9.753633
1755077368463,0.190626,0.15659,9.754591
1755077368465,0.188826,0.15727,9.756305
1755077368467,0.186355,0.158937,9.758345
1755077368470,0.185359,0.16021,9.758853
1755077368472,0.185321,0.160977,9.757846
1755077368474,0.186125,0.161149,9.755366
1755077368474,0.187428,0.160938,9.751794
1755077368476,0.189171,0.160948,9.74645
1755077368478,0.190406,0.161915,9.743261
1755077368480,0.191804,0.163926,9.741757
1755077368483,0.193519,0.166713,9.742917
1755077368485,0.195214,0.16928,9.746335
1755077368487,0.196296,0.17063,9.752838
1755077368489,0.194831,0.168992,9.758163
1755077368492,0.19054,0.165037,9.761142
1755077368494,0.183348,0.159732,9.759609
1755077368496,0.174461,0.154589,9.753404
1755077368498,0.163562,0.150605,9.738855
1755077368500,0.158736,0.150998,9.728005
1755077368501,0.158333,0.153928,9.720766
1755077368502,0.162202,0.158017,9.720209
1755077368506,0.168437,0.16136,9.725133
1755077368507,0.176635,0.161771,9.737573
1755077368509,0.180034,0.158161,9.7451
1755077368511,0.180226,0.152195,9.746785
1755077368513,0.177956,0.145979,9.74126
1755077368516,0.175026,0.141708,9.730783
1755077368518,0.172871,0.141909,9.718266
1755077368519,0.173704,0.146496,9.716887
1755077368520,0.176022,0.153487,9.724242
1755077368522,0.178253,0.160632,9.738656
1755077368525,0.179077,0.165755,9.754476
1755077368527,0.177046,0.167297,9.767548
1755077368529,0.174058,0.164721,9.766083
1755077368532,0.171597,0.159981,9.757425
1755077368533,0.17108,0.154637,9.745349
1755077368536,0.173043,0.15026,9.735629
1755077368539,0.178023,0.148038,9.732602
1755077368540,0.181461,0.149475,9.737496
1755077368541,0.182764,0.153794,9.745234
1755077368543,0.181404,0.160172,9.751401
1755077368545,0.178052,0.167383,9.754236
1755077368547,0.173244,0.175409,9.750186
1755077368549,0.171348,0.17832,9.744889
1755077368551,0.171779,0.177391,9.74011
1755077368553,0.174011,0.172603,9.737879
1755077368556,0.176405,0.164855,9.739066
1755077368559,0.177094,0.152568,9.745378
1755077368560,0.174461,0.143997,9.751852
1755077368563,0.169318,0.137523,9.757856
1755077368564,0.16316,0.134037,9.764149
1755077368565,0.157797,0.133788,9.769578
1755077368567,0.154713,0.138548,9.77387
1755077368569,0.156418,0.145194,9.77566
1755077368572,0.160996,0.153306,9.775477
1755077368574,0.16701,0.16157,9.773639
1755077368577,0.172612,0.168293,9.769656
1755077368578,0.176903,0.172737,9.763823
1755077368579,0.176788,0.17244,9.758202
1755077368581,0.174106,0.169873,9.753192
1755077368583,0.170055,0.166387,9.748538
1755077368586,0.166014,0.163629,9.744535
1755077368589,0.162624,0.16272,9.74216
1755077368590,0.1627,0.16385,9.742372
1755077368592,0.164932,0.165736,9.745521
1755077368593,0.168791,0.167125,9.750156
1755077368595,0.174825,0.167288,9.758039
1755077368597,0.177487,0.166608,9.761582
1755077368600,0.181059,0.164721,9.766189
1755077368602,0.18172,0.163629,9.767385
1755077368605,0.180848,0.163342,9.765967
1755077368607,0.17901,0.163955,9.764014
1755077368607,0.177008,0.165114,9.761429
1755077368610,0.175303,0.167067,9.759072
1755077368611,0.175198,0.168513,9.758746
1755077368613,0.175926,0.169816,9.759006
1755077368615,0.176826,0.171061,9.760481
1755077368617,0.177257,0.171904,9.761562
1755077368619,0.176424,0.172124,9.76229
1755077368622,0.174901,0.17131,9.761705
1755077368624,0.173378,0.169548,9.759417
1755077368626,0.172555,0.167316,9.756382
1755077368627,0.17289,0.165104,9.752465
1755077368629,0.174786,0.163112,9.747494
1755077368631,0.176185,0.162796,9.744986
1755077368633,0.17629,0.163409,9.743701
1755077368636,0.174327,0.164683,9.744171
1755077368638,0.170266,0.166091,9.745724
1755077368641,0.163064,0.167527,9.748988
1755077368643,0.158314,0.168054,9.751535
1755077368644,0.155805,0.168025,9.753737
1755077368645,0.156562,0.167604,9.755971
1755077368648,0.160795,0.166962,9.757665
1755077368650,0.170429,0.16587,9.760174
1755077368652,0.17877,0.165018,9.762385
1755077368653,0.186106,0.164252,9.764579
1755077368656,0.190952,0.163591,9.767097
1755077368657,0.192417,0.163055,9.768103
1755077368660,0.189276,0.162739,9.766953
1755077368662,0.184535,0.162729,9.762598
1755077368663,0.17945,0.162911,9.756324
1755077368665,0.17561,0.163074,9.749448
1755077368667,0.17402,0.163064,9.743684
1755077368669,0.17539,0.162423,9.743021
1755077368672,0.178109,0.161235,9.747543
1755077368674,0.181078,0.159569,9.756305
1755077368677,0.183444,0.157433,9.765203
1755077368678,0.185081,0.155326,9.771972
1755077368679,0.186872,0.153306,9.773591
1755077368681,0.188855,0.152693,9.769359
1755077368683,0.191603,0.152817,9.763401
1755077368685,0.194831,0.153143,9.757522
1755077368688,0.197301,0.153104,9.755357
1755077368690,0.197158,0.151438,9.756947
1755077368693,0.193413,0.149025,9.760413
1755077368693,0.186432,0.146228,9.762368
1755077368695,0.177535,0.144093,9.761246
1755077368697,0.168743,0.143892,9.756697
1755077368699,0.160881,0.147713,9.746842
1755077368701,0.159904,0.153411,9.740522
1755077368704,0.163495,0.160095,9.736586
1755077368706,0.170735,0.166024,9.737247
1755077368708,0.179565,0.169356,9.741442
1755077368710,0.189496,0.167968,9.750759
1755077368711,0.192666,0.163103,9.759064
1755077368713,0.191009,0.15659,9.766054
1755077368715,0.184928,0.150911,9.771618
1755077368717,0.173129,0.148249,9.773658
1755077368719,0.165142,0.151285,9.771715
1755077368721,0.160613,0.157912,9.766944
1755077368725,0.160986,0.165966,9.760432
1755077368727,0.166215,0.172833,9.754954
1755077368728,0.177822,0.176204,9.751373
1755077368729,0.186786,0.173197,9.754476
1755077368731,0.19327,0.166397,9.761935
1755077368733,0.195769,0.15795,9.771379
1755077368735,0.194131,0.150576,9.780496
1755077368737,0.187351,0.146018,9.785514
1755077368740,0.181097,0.147502,9.782134
1755077368742,0.175734,0.152166,9.77383
1755077368743,0.17244,0.157969,9.76232
1755077368744,0.171568,0.162777,9.752081
1755077368747,0.172574,0.165104,9.746374
1755077368749,0.175141,0.163629,9.746489
1755077368751,0.176644,0.160479,9.752341
1755077368754,0.176979,0.157318,9.759064
1755077368756,0.175983,0.155681,9.764224
1755077368758,0.174049,0.156456,9.765967
1755077368760,0.171252,0.16045,9.760451
1755077368762,0.169988,0.164443,9.753547
1755077368763,0.169912,0.167881,9.74622
1755077368764,0.170917,0.169931,9.741011
1755077368767,0.172325,0.170486,9.740253
1755077368769,0.173082,0.169624,9.743951
1755077368771,0.171492,0.16881,9.749429
1755077368773,0.167699,0.1686,9.754523
1755077368776,0.162403,0.16927,9.757225
1755077368779,0.155604,0.171205,9.757099
1755077368780,0.153181,0.172785,9.753537
1755077368781,0.154464,0.173896,9.749152
1755077368783,0.159406,0.174049,9.74508
1755077368785,0.166723,0.172995,9.741221
1755077368787,0.174058,0.170927,9.738913
1755077368789,0.179776,0.167422,9.737026
1755077368793,0.179259,0.165181,9.736567
1755077368793,0.174882,0.164146,9.737678
1755077368795,0.168475,0.164568,9.739411
1755077368797,0.162423,0.166416,9.742946
1755077368799,0.15841,0.169873,9.749094
1755077368801,0.159559,0.172066,9.753278
1755077368804,0.163476,0.173015,9.756793
1755077368806,0.168542,0.172363,9.757587
1755077368809,0.173005,0.170391,9.756745
1755077368810,0.176175,0.166866,9.754495
1755077368811,0.176472,0.164558,9.753164
1755077368813,0.175868,0.16316,9.754391
1755077368815,0.175294,0.162691,9.757377
1755077368817,0.175121,0.162921,9.762625
1755077368820,0.175141,0.163399,9.771476
1755077368822,0.174336,0.163198,9.776914
1755077368824,0.17199,0.162375,9.780678
1755077368825,0.168169,0.160957,9.780593
1755077368827,0.163419,0.159368,9.777105
1755077368829,0.157787,0.15796,9.768373
1755077368831,0.155843,0.157701,9.759982
1755077368833,0.156763,0.158266,9.752818
1755077368835,0.160565,0.159157,9.746842
1755077368838,0.166522,0.159942,9.743904
1755077368841,0.175342,0.160249,9.743921
1755077368842,0.180676,0.159588,9.745541
1755077368845,0.183463,0.158391,9.747916
1755077368845,0.183099,0.156945,9.74892
1755077368847,0.179843,0.155661,9.749486
1755077368849,0.173034,0.154943,9.750099
1755077368851,0.168264,0.15501,9.750798
1755077368853,0.165736,0.155499,9.752905
1755077368856,0.166502,0.155795,9.755568
1755077368858,0.170649,0.155604,9.758622
1755077368860,0.17922,0.154455,9.759954
1755077368861,0.18534,0.153277,9.758901
1755077368863,0.188721,0.152673,9.756706
1755077368865,0.187897,0.153076,9.754734
1755077368867,0.182553,0.154943,9.755071
1755077368870,0.170448,0.159272,9.75757
1755077368872,0.160593,0.162614,9.761371
1755077368874,0.15276,0.164597,9.762654
1755077368877,0.149063,0.164213,9.760002
1755077368879,0.151984,0.159703,9.749257
1755077368880,0.159281,0.154656,9.736807
1755077368881,0.169203,0.150365,9.724836
1755077368883,0.179546,0.148824,9.715575
1755077368886,0.188347,0.151122,9.713496
1755077368888,0.194352,0.157175,9.719128
1755077368891,0.197713,0.167613,9.736156
1755077368892,0.197407,0.173924,9.752168
1755077368893,0.195692,0.176156,9.764435
1755077368895,0.193337,0.173465,9.770708
1755077368897,0.190703,0.166742,9.768199
1755077368899,0.186853,0.155202,9.753987
1755077368901,0.183607,0.148326,9.740206
1755077368904,0.180274,0.144993,9.72856
1755077368907,0.177133,0.145855,9.723428
1755077368908,0.174623,0.14982,9.72539
1755077368911,0.172699,0.157012,9.738482
1755077368912,0.171904,0.161522,9.750548
1755077368913,0.171176,0.164357,9.760461
1755077368915,0.169979,0.16564,9.766217
1755077368917,0.168159,0.166071,9.765241
1755077368922,0.16564,0.166732,9.757406
1755077368924,0.165162,0.167508,9.749811
1755077368924,0.167067,0.168332,9.744287
1755077368926,0.171827,0.168801,9.742515
1755077368928,0.179192,0.168561,9.744506
1755077368930,0.190253,0.167939,9.750903
1755077368931,0.196765,0.168054,9.754926
1755077368933,0.199676,0.169356,9.756706
1755077368936,0.198125,0.171779,9.754667
1755077368938,0.192666,0.174461,9.750156
1755077368940,0.182601,0.176299,9.744037
1755077368942,0.176328,0.175083,9.741096
1755077368945,0.173388,0.171588,9.742648
1755077368945,0.174633,0.167039,9.747323
1755077368947,0.179441,0.163256,9.755127
1755077368949,0.187983,0.162614,9.767607
1755077368951,0.192762,0.165985,9.77497
1755077368954,0.194074,0.171568,9.779586
1755077368956,0.191115,0.176903,9.779644
1755077368958,0.184478,0.179565,9.77585
1755077368960,0.173197,0.176568,9.766438
1755077368961,0.1661,0.169653,9.75914
1755077368962,0.162509,0.160823,9.754581
1755077368965,0.163591,0.152568,9.753815
1755077368967,0.169117,0.147061,9.757846
1755077368969,0.180465,0.145769,9.766571
1755077368972,0.188845,0.149006,9.774079
1755077368974,0.194543,0.154321,9.778733
1755077368976,0.196401,0.160124,9.779423
1755077368978,0.194725,0.164941,9.776675
1755077368981,0.189975,0.16813,9.766591
1755077368981,0.187217,0.16791,9.757846
1755077368983,0.186911,0.16564,9.748749
1755077368986,0.189314,0.161848,9.74192
1755077368987,0.193384,0.157538,9.738214
1755077368990,0.198058,0.152166,9.738377
1755077368992,0.198996,0.149896,9.742332
1755077368994,0.196976,0.149934,9.747265
1755077368996,0.192599,0.152626,9.752791
1755077368998,0.187207,0.157625,9.757502
1755077369000,0.181002,0.165478,9.761562
1755077369002,0.178483,0.170256,9.763172
1755077369003,0.17786,0.172459,9.763305
1755077369005,0.17856,0.171674,9.762989
1755077369007,0.179489,0.1686,9.762378
1755077369009,0.179603,0.16317,9.761705
1755077369012,0.178205,0.160239,9.760719
1755077369014,0.176003,0.159176,9.758546
1755077369016,0.173513,0.16,9.755538
1755077369019,0.171185,0.1618,9.751545
1755077369021,0.16904,0.16338,9.746699
1755077369021,0.167747,0.162767,9.744497
1755077369023,0.166512,0.160153,9.744238
1755077369026,0.165095,0.15614,9.74692
1755077369028,0.163687,0.151859,9.751678
1755077369030,0.163313,0.147626,9.7603
1755077369031,0.165075,0.146745,9.765738
1755077369033,0.168954,0.14801,9.767998
1755077369036,0.174193,0.150902,9.76639
1755077369037,0.179249,0.154455,9.760106
1755077369040,0.182927,0.158151,9.748444
1755077369042,0.182036,0.159119,9.73945
1755077369044,0.178244,0.158056,9.732651
1755077369046,0.172938,0.155307,9.730553
1755077369049,0.168159,0.151639,9.732508
1755077369052,0.165277,0.146602,9.740742
1755077369054,0.166416,0.144121,9.74825
1755077369054,0.169433,0.143288,9.753843
1755077369057,0.172507,0.144437,9.75756
1755077369059,0.174039,0.147377,9.758326
1755077369060,0.172488,0.152846,9.755136
1755077369062,0.169481,0.156954,9.751469
1755077369064,0.166598,0.159952,9.746747
1755077369066,0.165707,0.161522,9.742849
1755077369069,0.167939,0.161695,9.740656
1755077369071,0.175169,0.160756,9.741298
1755077369073,0.18195,0.160402,9.745274
1755077369073,0.187705,0.161197,9.751134
1755077369076,0.190598,0.16339,9.756937
1755077369078,0.189927,0.16655,9.760969
1755077369080,0.184354,0.170908,9.760251
1755077369082,0.178349,0.173024,9.756506
1755077369085,0.172497,0.173378,9.751593
1755077369087,0.168006,0.17176,9.747638
1755077369088,0.16543,0.16837,9.747082
1755077369090,0.164913,0.162269,9.751209
1755077369092,0.166474,0.15751,9.756755
1755077369094,0.169308,0.153459,9.761476
1755077369096,0.172909,0.150672,9.763517
1755077369098,0.176663,0.149494,9.762654
1755077369102,0.180504,0.150193,9.758057
1755077369103,0.181366,0.152166,9.754561
1755077369104,0.180101,0.154895,9.752187
1755077369106,0.176845,0.158008,9.751652
1755077369109,0.172325,0.161111,9.752445
1755077369110,0.166292,0.164549,9.753259
1755077369111,0.16293,0.166359,9.752954
1755077369113,0.161283,0.167441,9.751622
1755077369116,0.161484,0.167968,9.750397
1755077369118,0.163304,0.168226,9.750186
1755077369120,0.167719,0.168724,9.753001
1755077369123,0.171817,0.169395,9.757655
1755077369124,0.175696,0.170199,9.763525
1755077369127,0.178636,0.17086,9.769722
1755077369127,0.179881,0.170889,9.774424
1755077369129,0.17832,0.169634,9.776398
1755077369131,0.175284,0.167709,9.773849
1755077369133,0.171779,0.16542,9.76818
1755077369136,0.168964,0.163265,9.760519
1755077369138,0.167757,0.161838,9.752552
1755077369141,0.168734,0.161484,9.744775
1755077369142,0.170458,0.162269,9.743454
1755077369143,0.171664,0.163505,9.746498
1755077369146,0.171281,0.164597,9.752876
1755077369148,0.169174,0.164951,9.760969
1755077369151,0.165095,0.163562,9.770288
1755077369153,0.162997,0.16113,9.774071
1755077369156,0.163419,0.157941,9.774004
1755077369157,0.167077,0.154685,9.770796
1755077369158,0.173465,0.152195,9.765748
1755077369160,0.183472,0.151199,9.759312
1755077369162,0.189314,0.152444,9.756956
1755077369164,0.191718,0.155173,9.757406
1755077369166,0.189726,0.15887,9.759963
1755077369169,0.183817,0.162672,9.762788
1755077369172,0.1729,0.166502,9.764043
1755077369173,0.165535,0.167527,9.760682
1755077369174,0.161455,0.166608,9.753931
1755077369176,0.162011,0.163907,9.744966
1755077369177,0.167173,0.160182,9.736394
1755077369180,0.178435,0.155642,9.730333
1755077369182,0.186882,0.15411,9.731683
1755077369184,0.192245,0.155058,9.738319
1755077369188,0.192791,0.15842,9.747916
1755077369189,0.188318,0.163294,9.758047
1755077369191,0.177018,0.169538,9.767692
1755077369192,0.167853,0.172162,9.770363
1755077369193,0.160957,0.172172,9.769472
1755077369196,0.157931,0.169902,9.766438
1755077369198,0.159071,0.166445,9.763738
1755077369201,0.165123,0.162729,9.763104
1755077369202,0.170668,0.162174,9.765853
1755077369205,0.175064,0.163878,9.770382
1755077369206,0.177362,0.167096,9.775123
1755077369207,0.177525,0.170352,9.778389
1755077369209,0.176405,0.172181,9.778764
1755077369211,0.175112,0.170697,9.774961
1755077369213,0.175447,0.166598,9.769856
1755077369216,0.177362,0.161091,9.76479
1755077369218,0.180408,0.155614,9.761534
1755077369220,0.183712,0.151658,9.761103
1755077369222,0.186796,0.15049,9.765327
1755077369224,0.187322,0.152808,9.77067
1755077369225,0.186116,0.157165,9.775841
1755077369226,0.183674,0.162394,9.778677
1755077369229,0.180666,0.167087,9.777528
1755077369231,0.176817,0.170601,9.769042
1755077369234,0.174365,0.170199,9.758966
1755077369235,0.172019,0.16723,9.748269
1755077369237,0.169328,0.162394,9.739986
1755077369239,0.16587,0.156849,9.736711
1755077369241,0.159933,0.150835,9.741412
1755077369244,0.155029,0.148862,9.750243
1755077369246,0.150777,0.14982,9.760345
1755077369248,0.14822,0.153526,9.768103
1755077369251,0.148191,0.159157,9.770862
1755077369252,0.151917,0.167517,9.765967
1755077369254,0.156485,0.172928,9.75826
1755077369256,0.160957,0.176788,9.750742
1755077369258,0.164003,0.178923,9.746614
1755077369260,0.164989,0.179584,9.747523
1755077369261,0.16385,0.179029,9.755071
1755077369262,0.162624,0.177985,9.762109
1755077369265,0.16248,0.176625,9.766591
1755077369267,0.16406,0.175102,9.766197
1755077369269,0.167058,0.173484,9.760549
1755077369271,0.1713,0.171511,9.747418
1755077369274,0.173101,0.170563,9.737123
1755077369276,0.173043,0.170142,9.72973
1755077369278,0.17176,0.17018,9.727124
1755077369280,0.170505,0.170324,9.729825
1755077369283,0.171444,0.169883,9.739632
1755077369285,0.174959,0.168782,9.7487
1755077369286,0.18037,0.167039,9.756649
1755077369287,0.186039,0.164989,9.761543
1755077369289,0.189793,0.163141,9.76277
1755077369291,0.189314,0.161628,9.759686
1755077369293,0.184411,0.161408,9.755634
1755077369295,0.176797,0.161752,9.752111
1755077369298,0.16882,0.162442,9.750473
1755077369300,0.162796,0.163323,9.751344
1755077369303,0.160852,0.164673,9.756056
1755077369304,0.164731,0.165976,9.761103
1755077369306,0.172306,0.167537,9.765958
1755077369308,0.181844,0.169136,9.769386
1755077369310,0.191076,0.170371,9.770297
1755077369313,0.199456,0.170573,9.766963
1755077369313,0.20095,0.16928,9.761505
1755077369315,0.197953,0.167,9.754734
1755077369317,0.191182,0.164319,9.74848
1755077369320,0.182295,0.162126,9.744554
1755077369321,0.170745,0.16112,9.745176
1755077369324,0.164893,0.162011,9.750473
1755077369326,0.162614,0.16384,9.758566
1755077369328,0.163706,0.165784,9.766963
1755077369330,0.166847,0.16701,9.773111
1755077369333,0.170822,0.166761,9.773973
1755077369335,0.171559,0.165267,9.768725
1755077369336,0.169577,0.163198,9.760116
1755077369337,0.165564,0.161149,9.751172
1755077369339,0.159837,0.159109,9.743874
1755077369341,0.157644,0.158199,9.74396
1755077369343,0.158573,0.15751,9.748444
1755077369346,0.162691,0.156906,9.754868
1755077369348,0.168983,0.156351,9.760451
1755077369350,0.175505,0.155949,9.762779
1755077369352,0.181193,0.156121,9.759321
1755077369354,0.181519,0.156878,9.752934
1755077369357,0.178215,0.158084,9.745646
1755077369358,0.172335,0.159607,9.739632
1755077369359,0.16565,0.161254,9.736384
1755077369361,0.158803,0.163352,9.737275
1755077369363,0.156926,0.164807,9.741049
1755077369366,0.158209,0.166024,9.746096
1755077369368,0.161934,0.166905,9.751267
1755077369370,0.166761,0.167412,9.755471
1755077369372,0.172603,0.167585,9.758546
1755077369374,0.175495,0.167441,9.758853
1755077369377,0.177113,0.167182,9.757751
1755077369377,0.178148,0.166694,9.755787
1755077369379,0.179345,0.165736,9.753489
1755077369381,0.181174,0.164003,9.751554
1755077369384,0.184277,0.160603,9.750501
1755077369385,0.185733,0.157797,9.7512
1755077369388,0.185177,0.155776,9.753268
1755077369390,0.18171,0.155336,9.756467
1755077369392,0.175438,0.156945,9.760231
1755077369394,0.164922,0.161733,9.765107
1755077369396,0.15819,0.166158,9.767577
1755077369399,0.154742,0.16994,9.768199
1755077369401,0.155671,0.172134,9.766772
1755077369402,0.160766,0.172277,9.763498
1755077369403,0.170822,0.16972,9.757866
1755077369406,0.177487,0.166799,9.754696
1755077369408,0.180982,0.164051,9.753941
1755077369410,0.180408,0.162298,9.756065
1755077369412,0.174489,0.162222,9.762148
1755077369414,0.168858,0.163725,9.766714
1755077369416,0.164836,0.165995,9.76885
1755077369419,0.163907,0.168236,9.767328
1755077369421,0.166387,0.169797,9.762368
1755077369422,0.173062,0.170324,9.753489
1755077369423,0.177985,0.169835,9.748576
1755077369425,0.18082,0.169213,9.747494
1755077369427,0.180552,0.169011,9.750951
1755077369430,0.177305,0.16949,9.757933
1755077369433,0.172114,0.170314,9.766034
1755077369434,0.164913,0.170582,9.774261
1755077369437,0.161264,0.169146,9.776053
1755077369440,0.159904,0.165956,9.773908
1755077369441,0.160584,0.161417,9.769176
1755077369442,0.162518,0.156744,9.76388
1755077369444,0.165123,0.152597,9.759446
1755077369446,0.166158,0.152003,9.759378
1755077369450,0.166512,0.153545,9.7616
1755077369451,0.166876,0.156341,9.764503
1755077369453,0.168284,0.159109,9.76638
1755077369454,0.17267,0.161149,9.765163
1755077369455,0.177123,0.161187,9.76163
1755077369458,0.180973,0.160354,9.757339
1755077369460,0.182381,0.159492,9.754236
1755077369462,0.180226,0.159387,9.753786
1755077369464,0.172536,0.160795,9.757761
1755077369466,0.165526,0.162643,9.762664
1755077369468,0.160412,0.164328,9.767021
1755077369470,0.15931,0.164989,9.768879
1755077369472,0.162825,0.163974,9.767357
1755077369475,0.17267,0.159933,9.761132
1755077369475,0.180552,0.155776,9.755396
1755077369477,0.1858,0.151974,9.750941
1755077369479,0.187006,0.149724,9.74893
1755077369482,0.184162,0.149858,9.749535
1755077369483,0.177008,0.153583,9.752838
1755077369485,0.172383,0.157701,9.755538
1755077369487,0.170707,0.161245,9.757099
1755077369489,0.172813,0.162901,9.757111
1755077369492,0.178234,0.161896,9.755625
1755077369494,0.187523,0.157088,9.752111
1755077369496,0.19325,0.152501,9.749189
1755077369498,0.196104,0.148737,9.746575
1755077369500,0.195338,0.1471,9.744775
1755077369502,0.191306,0.148057,9.744219
1755077369504,0.183099,0.152482,9.745894
1755077369506,0.176874,0.156782,9.748883
1755077369509,0.172172,0.16067,9.752809
1755077369511,0.169854,0.163419,9.756737
1755077369512,0.170161,0.165238,9.759915
1755077369513,0.171913,0.165794,9.759724
1755077369515,0.173838,0.166196,9.75732
1755077369517,0.174997,0.166713,9.753489
1755077369520,0.175121,0.167173,9.749582
1755077369522,0.174365,0.166847,9.746737
1755077369525,0.173972,0.165286,9.747082
1755077369527,0.17448,0.162528,9.74892
1755077369529,0.176098,0.158985,9.750693
1755077369530,0.178301,0.155556,9.750702
1755077369532,0.180628,0.152779,9.746096
1755077369533,0.180714,0.153009,9.7399
1755077369536,0.178789,0.155499,9.733579
1755077369537,0.175102,0.159894,9.729595
1755077369540,0.17062,0.165439,9.729959
1755077369542,0.166091,0.172737,9.737649
1755077369544,0.165545,0.176673,9.74646
1755077369546,0.168245,0.178406,9.754466
1755077369548,0.173819,0.177592,9.75867
1755077369550,0.180695,0.174499,9.757339
1755077369553,0.187878,0.168456,9.747724
1755077369555,0.18896,0.164032,9.738042
1755077369556,0.185168,0.160929,9.730064
1755077369557,0.177257,0.159722,9.726684
1755077369559,0.167498,0.160172,9.72927
1755077369561,0.158985,0.161408,9.737008
1755077369565,0.154416,0.162241,9.751009
1755077369566,0.157328,0.161101,9.759791
1755077369568,0.164577,0.158458,9.764339
1755077369570,0.173446,0.155077,9.76388
1755077369572,0.18239,0.151802,9.757492
1755077369574,0.184315,0.151879,9.751727
1755077369577,0.182103,0.154349,9.748097
1755077369579,0.177497,0.158601,9.74802
1755077369581,0.172986,0.163227,9.751458
1755077369583,0.17063,0.166636,9.757176
1755077369584,0.172028,0.16769,9.765078
1755077369586,0.175275,0.165889,9.769223
1755077369588,0.178358,0.162844,9.77159
1755077369590,0.179603,0.159837,9.772738
1755077369592,0.178071,0.157931,9.773716
1755077369595,0.172172,0.157701,9.776176
1755077369598,0.166387,0.158841,9.77857
1755077369599,0.161149,0.160182,9.780496
1755077369600,0.157653,0.160881,9.780793
