1754989051726,0.311067,-0.029312,9.887143
1754989051729,0.323031,0.001795,9.896714
1754989051729,0.294317,-0.012562,9.879965
1754989051730,0.299103,-0.007777,9.879965
1754989051730,0.272782,-0.019741,9.896714
1754989051731,0.301496,-0.012562,9.879965
1754989051731,0.301496,0.001795,9.877572
1754989051732,0.320638,-0.014955,9.870394
1754989051732,0.299103,-0.024526,9.872787
1754989051733,0.282353,-0.024526,9.887143
1754989051733,0.291924,0.011366,9.877572
1754989051734,0.282353,0.001795,9.865608
1754989051734,0.270389,-0.005384,9.872787
1754989051735,0.265603,0.016152,9.870394
1754989051735,0.291924,0.001795,9.887143
1754989051735,0.287139,0.011366,9.875179
1754989051736,0.301496,-0.000598,9.868001
1754989051736,0.277567,-0.024526,9.875179
1754989051737,0.294317,-0.019741,9.879965
1754989051737,0.29671,-0.026919,9.870394
1754989051738,0.260818,-0.048455,9.889536
1754989051738,0.289532,-0.010169,9.896714
1754989051739,0.270389,-0.014955,9.872787
1754989051739,0.277567,-0.026919,9.887143
1754989051740,0.287139,-0.029312,9.88475
1754989051740,0.291924,-0.019741,9.887143
1754989051741,0.284746,-0.022134,9.891929
1754989051741,0.284746,-0.000598,9.877572
1754989051742,0.277567,-0.034098,9.872787
1754989051742,0.294317,-0.010169,9.868001
1754989051743,0.306281,-0.038883,9.865608
1754989051743,0.277567,-0.026919,9.889536
1754989051743,0.27996,-0.034098,9.896714
1754989051748,0.306281,-0.007777,9.88475
1754989051750,0.282353,-0.019741,9.899107
1754989051751,0.287139,-0.012562,9.84168
1754989051753,0.272782,-0.038883,9.868001
1754989051755,0.308674,-0.019741,9.872787
1754989051758,0.267996,-0.036491,9.875179
1754989051760,0.294317,0.008973,9.863214
1754989051762,0.270389,0.00658,9.889536
1754989051765,0.291924,-0.000598,9.891929
1754989051767,0.27996,-0.026919,9.889536
1754989051770,0.275175,0.004187,9.872787
1754989051773,0.287139,-0.002991,9.903893
1754989051774,0.282353,-0.031705,9.896714
1754989051777,0.289532,-0.038883,9.877572
1754989051779,0.282353,-0.038883,9.872787
1754989051782,0.301496,-0.029312,9.872787
1754989051785,0.27996,-0.026919,9.877572
1754989051787,0.27996,-0.010169,9.894321
1754989051789,0.303888,-0.005384,9.920643
1754989051791,0.33021,-0.024526,9.887143
1754989051795,0.29671,-0.019741,9.896714
1754989051796,0.27996,-0.031705,9.889536
1754989051798,0.291924,-0.002991,9.911072
1754989051805,0.275175,-0.005384,9.882358
1754989051806,0.267996,-0.014955,9.877572
1754989051806,0.291924,-0.022134,9.863214
1754989051808,0.27996,-0.000598,9.882358
1754989051810,0.294317,-0.012562,9.882358
1754989051813,0.301496,-0.019741,9.882358
1754989051815,0.287139,-0.014955,9.88475
1754989051824,0.272782,-0.012562,9.868001
1754989051825,0.308674,-0.024526,9.88475
1754989051825,0.265603,-0.022134,9.872787
1754989051826,0.253639,-0.014955,9.88475
1754989051831,0.27996,-0.002991,9.887143
1754989051831,0.275175,-0.036491,9.865608
1754989051834,0.294317,-0.038883,9.882358
1754989051835,0.272782,-0.024526,9.891929
1754989051839,0.282353,0.013759,9.872787
1754989051839,0.287139,-0.017348,9.899107
1754989051842,0.289532,0.001795,9.868001
1754989051844,0.287139,-0.017348,9.891929
1754989051846,0.270389,-0.005384,9.870394
1754989051849,0.282353,0.004187,9.875179
1754989051856,0.287139,-0.005384,9.875179
1754989051858,0.27996,-0.007777,9.882358
1754989051858,0.301496,-0.007777,9.889536
1754989051859,0.291924,-0.007777,9.875179
1754989051862,0.272782,-0.048455,9.875179
1754989051863,0.303888,-0.014955,9.870394
1754989051866,0.289532,-0.005384,9.870394
1754989051872,0.256032,-0.019741,9.889536
1754989051873,0.253639,-0.022134,9.896714
1754989051874,0.303888,-0.012562,9.870394
1754989051875,0.282353,0.008973,9.870394
1754989051877,0.284746,-0.014955,9.877572
1754989051880,0.277567,0.00658,9.894321
1754989051882,0.31346,-0.007777,9.865608
1754989051891,0.267996,-0.036491,9.870394
1754989051893,0.272782,-0.012562,9.889536
1754989051894,0.315853,-0.014955,9.891929
1754989051895,0.260818,-0.005384,9.887143
1754989051896,0.270389,-0.014955,9.911072
1754989051897,0.275175,-0.031705,9.879965
1754989051900,0.284746,-0.031705,9.877572
1754989051902,0.294317,-0.005384,9.882358
1754989051908,0.291924,-0.041276,9.882358
1754989051910,0.270389,-0.000598,9.882358
1754989051911,0.282353,-0.022134,9.868001
1754989051913,0.291924,-0.026919,9.879965
1754989051914,0.277567,-0.000598,9.879965
1754989051916,0.289532,-0.019741,9.879965
1754989051919,0.315853,-0.022134,9.9015
1754989051926,0.31346,-0.002991,9.894321
1754989051928,0.289532,-0.026919,9.872787
1754989051929,0.294317,-0.031705,9.88475
1754989051930,0.318245,-0.034098,9.863214
1754989051931,0.27996,-0.022134,9.88475
1754989051933,0.263211,-0.038883,9.887143
1754989051935,0.272782,-0.029312,9.879965
1754989051942,0.29671,-0.012562,9.896714
1754989051943,0.291924,-0.019741,9.88475
1754989051944,0.31346,-0.007777,9.899107
1754989051945,0.263211,-0.024526,9.887143
1754989051947,0.267996,-0.002991,9.906285
1754989051950,0.289532,-0.005384,9.887143
1754989051952,0.256032,-0.019741,9.870394
1754989051957,0.256032,-0.026919,9.877572
1754989051959,0.272782,-0.014955,9.899107
1754989051960,0.260818,-0.041276,9.882358
1754989051961,0.315853,-0.022134,9.891929
1754989051964,0.291924,0.00658,9.891929
1754989051966,0.256032,-0.017348,9.868001
1754989051969,0.263211,-0.014955,9.872787
1754989051976,0.29671,0.016152,9.882358
1754989051978,0.29671,-0.022134,9.887143
1754989051979,0.272782,-0.043669,9.868001
1754989051981,0.284746,-0.046062,9.889536
1754989051982,0.287139,-0.017348,9.870394
1754989051983,0.303888,-0.014955,9.872787
1754989051987,0.289532,-0.031705,9.882358
1754989051989,0.284746,0.008973,9.870394
1754989051994,0.265603,-0.007777,9.877572
1754989051996,0.282353,-0.038883,9.858429
1754989051996,0.289532,-0.012562,9.863214
1754989051997,0.299103,-0.012562,9.860822
1754989052000,0.327817,-0.000598,9.879965
1754989052002,0.267996,-0.014955,9.877572
1754989052010,0.315853,-0.043669,9.9015
1754989052011,0.31346,-0.024526,9.889536
1754989052012,0.332602,-0.005384,9.879965
1754989052013,0.301496,-0.031705,9.889536
1754989052014,0.287139,-0.029312,9.908679
1754989052017,0.301496,-0.010169,9.877572
1754989052019,0.294317,-0.007777,9.875179
1754989052026,0.289532,-0.029312,9.887143
1754989052028,0.282353,-0.012562,9.887143
1754989052029,0.291924,0.001795,9.875179
1754989052030,0.318245,0.00658,9.88475
1754989052031,0.253639,-0.005384,9.887143
1754989052033,0.253639,-0.031705,9.887143
1754989052036,0.27996,-0.024526,9.896714
1754989052045,0.289532,-0.014955,9.88475
1754989052047,0.306281,-0.005384,9.875179
1754989052048,0.263211,-0.007777,9.891929
1754989052050,0.294317,-0.002991,9.891929
1754989052052,0.31346,0.001795,9.868001
1754989052053,0.311067,-0.022134,9.896714
1754989052054,0.294317,0.008973,9.870394
1754989052061,0.260818,-0.012562,9.865608
1754989052063,0.29671,-0.019741,9.853643
1754989052064,0.301496,-0.017348,9.870394
1754989052065,0.289532,-0.026919,9.872787
1754989052067,0.282353,-0.012562,9.899107
1754989052068,0.287139,0.020937,9.875179
1754989052070,0.289532,-0.038883,9.877572
1754989052072,0.272782,-0.024526,9.851251
1754989052077,0.275175,-0.007777,9.868001
1754989052078,0.27996,-0.002991,9.872787
1754989052079,0.275175,-0.005384,9.877572
1754989052081,0.277567,0.028116,9.887143
1754989052084,0.311067,0.00658,9.872787
1754989052086,0.289532,-0.017348,9.877572
1754989052089,0.272782,-0.024526,9.872787
1754989052094,0.272782,0.013759,9.894321
1754989052095,0.299103,-0.000598,9.870394
1754989052097,0.275175,0.025723,9.88475
1754989052100,0.263211,-0.014955,9.872787
1754989052101,0.282353,-0.024526,9.872787
1754989052103,0.256032,0.008973,9.882358
1754989052105,0.27996,-0.002991,9.872787
1754989052113,0.306281,-0.002991,9.879965
1754989052114,0.29671,-0.024526,9.882358
1754989052115,0.272782,-0.014955,9.879965
1754989052116,0.29671,-0.010169,9.9015
1754989052117,0.299103,-0.010169,9.899107
1754989052120,0.29671,-0.026919,9.894321
1754989052122,0.29671,-0.041276,9.899107
1754989052128,0.258425,-0.050847,9.9015
1754989052129,0.289532,-0.043669,9.877572
1754989052130,0.299103,-0.034098,9.894321
1754989052132,0.289532,-0.019741,9.903893
1754989052134,0.282353,-0.007777,9.889536
1754989052137,0.265603,-0.043669,9.889536
1754989052139,0.267996,-0.019741,9.882358
1754989052147,0.299103,-0.022134,9.872787
1754989052148,0.267996,-0.043669,9.899107
1754989052149,0.284746,-0.043669,9.879965
1754989052151,0.27996,-0.029312,9.868001
1754989052152,0.318245,-0.022134,9.896714
1754989052154,0.265603,0.00658,9.894321
1754989052156,0.270389,0.00658,9.894321
1754989052162,0.318245,-0.007777,9.877572
1754989052163,0.282353,-0.012562,9.870394
1754989052164,0.284746,-0.017348,9.877572
1754989052165,0.284746,0.001795,9.889536
1754989052167,0.303888,0.00658,9.879965
1754989052170,0.291924,-0.034098,9.868001
1754989052172,0.287139,-0.038883,9.860822
1754989052180,0.282353,-0.024526,9.88475
1754989052181,0.303888,-0.026919,9.875179
1754989052182,0.291924,0.011366,9.882358
1754989052183,0.289532,0.004187,9.894321
1754989052184,0.284746,-0.043669,9.88475
1754989052187,0.277567,-0.012562,9.877572
1754989052189,0.253639,-0.014955,9.879965
1754989052195,0.287139,-0.024526,9.896714
1754989052197,0.294317,-0.017348,9.858429
1754989052198,0.275175,0.004187,9.88475
1754989052199,0.282353,-0.026919,9.872787
1754989052201,0.315853,-0.002991,9.877572
1754989052204,0.299103,-0.019741,9.877572
1754989052206,0.29671,-0.043669,9.865608
1754989052212,0.272782,-0.024526,9.872787
1754989052214,0.287139,-0.026919,9.88475
1754989052215,0.291924,-0.024526,9.868001
1754989052218,0.251246,0.013759,9.896714
1754989052219,0.294317,-0.017348,9.868001
1754989052220,0.29671,-0.012562,9.88475
1754989052223,0.315853,-0.029312,9.887143
1754989052229,0.277567,-0.012562,9.899107
1754989052230,0.253639,-0.026919,9.908679
1754989052231,0.253639,-0.026919,9.872787
1754989052233,0.299103,0.00658,9.882358
1754989052235,0.311067,0.011366,9.88475
1754989052237,0.294317,-0.046062,9.879965
1754989052240,0.275175,-0.014955,9.872787
1754989052248,0.265603,-0.012562,9.894321
1754989052249,0.27996,-0.000598,9.868001
1754989052250,0.277567,-0.017348,9.889536
1754989052251,0.301496,-0.024526,9.863214
1754989052252,0.294317,-0.012562,9.879965
1754989052254,0.291924,-0.007777,9.877572
1754989052256,0.291924,-0.007777,9.882358
1754989052259,0.272782,0.011366,9.875179
1754989052265,0.275175,-0.019741,9.875179
1754989052266,0.289532,0.001795,9.894321
1754989052267,0.277567,-0.019741,9.88475
1754989052268,0.299103,-0.024526,9.891929
1754989052271,0.282353,-0.010169,9.879965
1754989052273,0.294317,-0.029312,9.875179
1754989052276,0.27996,-0.012562,9.879965
1754989052285,0.294317,-0.029312,9.889536
1754989052286,0.311067,-0.007777,9.891929
1754989052288,0.31346,0.004187,9.889536
1754989052289,0.287139,-0.029312,9.875179
1754989052290,0.248854,-0.010169,9.879965
1754989052291,0.277567,-0.017348,9.872787
1754989052292,0.275175,-0.010169,9.870394
1754989052300,0.263211,-0.022134,9.9015
1754989052302,0.284746,-0.005384,9.887143
1754989052303,0.301496,-0.010169,9.891929
1754989052304,0.318245,-0.026919,9.853643
1754989052306,0.299103,-0.005384,9.877572
1754989052307,0.289532,-0.024526,9.872787
1754989052309,0.29671,-0.019741,9.899107
1754989052315,0.29671,-0.024526,9.879965
1754989052317,0.308674,0.004187,9.896714
1754989052318,0.263211,0.001795,9.882358
1754989052320,0.263211,-0.007777,9.870394
1754989052322,0.306281,-0.012562,9.887143
1754989052323,0.311067,-0.046062,9.875179
1754989052326,0.289532,-0.019741,9.877572
1754989052332,0.284746,-0.022134,9.875179
1754989052333,0.277567,-0.024526,9.879965
1754989052335,0.289532,-0.010169,9.891929
1754989052336,0.291924,-0.026919,9.877572
1754989052339,0.306281,-0.026919,9.891929
1754989052340,0.275175,-0.024526,9.877572
1754989052343,0.258425,-0.024526,9.875179
1754989052345,0.275175,-0.029312,9.868001
1754989052350,0.287139,-0.014955,9.872787
1754989052351,0.267996,-0.026919,9.889536
1754989052352,0.284746,-0.026919,9.877572
1754989052355,0.256032,-0.031705,9.879965
1754989052357,0.270389,0.016152,9.9015
1754989052360,0.289532,-0.012562,9.863214
1754989052362,0.289532,-0.000598,9.88475
1754989052368,0.287139,-0.024526,9.882358
1754989052370,0.29671,-0.014955,9.870394
1754989052371,0.244068,-0.012562,9.853643
1754989052373,0.294317,0.018544,9.894321
1754989052374,0.284746,-0.031705,9.906285
1754989052376,0.258425,-0.026919,9.899107
1754989052385,0.267996,-0.007777,9.889536
1754989052386,0.246461,-0.036491,9.896714
1754989052387,0.270389,-0.005384,9.882358
1754989052387,0.27996,-0.012562,9.894321
1754989052388,0.299103,-0.005384,9.860822
1754989052390,0.31346,-0.017348,9.882358
1754989052393,0.27996,-0.002991,9.88475
1754989052400,0.291924,-0.005384,9.891929
1754989052401,0.301496,-0.005384,9.891929
1754989052402,0.267996,-0.019741,9.872787
1754989052403,0.272782,-0.000598,9.88475
1754989052405,0.272782,-0.029312,9.870394
1754989052407,0.303888,-0.000598,9.899107
1754989052410,0.289532,-0.017348,9.88475
1754989052412,0.303888,-0.017348,9.872787
1754989052418,0.332602,-0.010169,9.899107
1754989052420,0.27996,-0.014955,9.870394
1754989052421,0.265603,-0.014955,9.889536
1754989052422,0.275175,-0.022134,9.899107
1754989052424,0.294317,-0.017348,9.91825
1754989052427,0.318245,-0.005384,9.908679
1754989052429,0.284746,-0.010169,9.863214
1754989052434,0.260818,-0.019741,9.817751
1754989052435,0.284746,-0.014955,9.899107
1754989052436,0.284746,-0.017348,9.9015
1754989052438,0.284746,-0.005384,9.872787
1754989052441,0.272782,-0.012562,9.865608
1754989052444,0.284746,-0.034098,9.863214
1754989052446,0.232104,-0.022134,9.894321
1754989052452,0.239282,0.020937,9.84168
1754989052453,0.294317,-0.012562,9.832108
1754989052455,0.253639,-0.010169,9.882358
1754989052456,0.334995,-0.024526,9.915857
1754989052460,0.27996,-0.017348,9.856036
1754989052461,0.275175,0.016152,9.820144
1754989052462,0.303888,-0.036491,9.846465
1754989052467,0.397209,-0.043669,9.954441
1754989052468,0.358923,-0.031705,9.971191
1754989052469,0.282353,-0.041276,9.872787
1754989052472,0.282353,-0.012562,9.836894
1754989052474,0.284746,-0.012562,9.858429
1754989052477,0.256032,0.008973,9.908679
1754989052479,0.301496,-0.041276,9.834501
1754989052486,0.246461,-0.007777,9.757931
1754989052488,0.282353,-0.026919,9.923036
1754989052489,0.308674,-0.024526,9.812965
1754989052490,0.361316,-0.022134,9.983155
1754989052492,0.399601,-0.065204,9.937392
1754989052494,0.303888,-0.019741,9.827323
1754989052496,0.289532,-0.034098,9.887143
1754989052503,0.258425,-0.002991,9.999905
1754989052505,0.370888,-0.055633,9.995119
1754989052506,0.378066,-0.022134,10.064511
1754989052507,0.339781,-0.050847,9.798609
1754989052509,0.251246,0.004187,9.815358
1754989052510,0.380459,-0.055633,9.906285
1754989052513,0.270389,0.02333,9.844072
1754989052519,0.289532,-0.017348,9.925428
1754989052521,0.258425,-0.007777,9.822537
1754989052522,0.277567,0.011366,10.014262
1754989052523,0.325424,-0.019741,9.944571
1754989052525,0.241675,0.00658,9.801002
1754989052527,0.325424,-0.024526,9.925428
1754989052529,0.27996,-0.024526,9.879965
1754989052537,0.263211,-0.002991,9.968799
1754989052539,0.378066,-0.050847,9.889536
1754989052540,0.284746,-0.036491,9.829716
1754989052541,0.253639,0.008973,9.879965
1754989052542,0.277567,-0.000598,9.851251
1754989052544,0.337388,-0.000598,9.999905
1754989052546,0.404387,-0.024526,10.042975
1754989052549,0.282353,-0.05324,9.789038
1754989052553,0.363709,-0.005384,9.956834
1754989052554,0.308674,-0.002991,9.966406
1754989052556,0.299103,-0.022134,9.894321
1754989052558,0.263211,-0.007777,9.595219
1754989052561,0.311067,-0.05324,9.815358
1754989052563,0.183948,-0.010169,9.760324
1754989052570,0.291924,-0.007777,9.88475
1754989052571,0.208176,-0.022134,9.815358
1754989052572,0.251246,-0.034098,9.805787
1754989052573,0.284746,-0.034098,9.801002
1754989052577,0.244068,-0.031705,9.860822
1754989052578,0.311067,-0.05324,9.891929
1754989052580,0.315853,-0.017348,9.920643
1754989052587,0.265603,-0.005384,9.879965
1754989052589,0.294317,-0.005384,9.923036
1754989052590,0.303888,-0.017348,9.815358
1754989052591,0.263211,-0.036491,9.839287
1754989052592,0.291924,-0.000598,9.954441
1754989052594,0.306281,0.030508,9.868001
1754989052597,0.284746,-0.041276,9.860822
1754989052605,0.299103,-0.019741,9.887143
1754989052606,0.323031,0.004187,9.9015
1754989052607,0.275175,-0.010169,9.88475
1754989052608,0.299103,-0.005384,9.82493
1754989052609,0.282353,-0.000598,9.865608
1754989052611,0.272782,-0.048455,9.987941
1754989052613,0.31346,0.037687,9.810573
1754989052616,0.270389,-0.029312,9.793823
1754989052621,0.265603,-0.019741,9.995119
1754989052622,0.306281,0.018544,9.903893
1754989052623,0.234497,-0.048455,9.781859
1754989052625,0.320638,-0.034098,9.932607
1754989052628,0.308674,0.016152,9.939785
1754989052630,0.287139,-0.014955,9.865608
1754989052632,0.301496,-0.012562,9.84168
1754989052638,0.323031,0.001795,9.925428
1754989052639,0.294317,-0.043669,9.937392
1754989052640,0.327817,-0.019741,9.822537
1754989052642,0.275175,-0.017348,9.865608
1754989052645,0.272782,-0.029312,9.985548
1754989052647,0.325424,0.00658,9.801002
1754989052649,0.284746,-0.031705,9.856036
1754989052655,0.303888,-0.046062,9.949656
1754989052656,0.320638,0.02333,9.851251
1754989052657,0.277567,-0.031705,9.836894
1754989052659,0.287139,-0.034098,9.959227
1754989052661,0.342174,0.004187,9.860822
1754989052663,0.265603,0.032901,9.879965
1754989052666,0.277567,-0.024526,9.894321
1754989052672,0.31346,-0.007777,9.863214
1754989052673,0.29671,0.013759,9.9015
1754989052673,0.277567,-0.031705,9.812965
1754989052675,0.354138,-0.012562,9.932607
1754989052678,0.29671,0.044865,9.903893
1754989052681,0.241675,-0.077169,9.805787
1754989052683,0.315853,-0.017348,9.999905
1754989052690,0.301496,0.054437,9.834501
1754989052692,0.22014,-0.048455,9.803394
1754989052693,0.287139,-0.029312,10.028619
1754989052694,0.299103,0.028116,9.820144
1754989052696,0.253639,-0.065204,9.829716
1754989052699,0.29671,-0.007777,10.002297
1754989052700,0.315853,0.00658,9.781859
1754989052706,0.251246,-0.067597,9.839287
1754989052707,0.299103,-0.029312,9.923036
1754989052708,0.287139,-0.002991,9.822537
1754989052709,0.277567,0.013759,9.903893
1754989052712,0.251246,-0.046062,9.805787
1754989052714,0.308674,-0.024526,9.966406
1754989052716,0.284746,0.035294,9.815358
1754989052723,0.241675,-0.067597,9.796216
1754989052725,0.294317,-0.046062,9.966406
1754989052725,0.306281,0.066401,9.877572
1754989052726,0.260818,0.042473,9.801002
1754989052728,0.239282,-0.120239,9.817751
1754989052731,0.315853,-0.079561,9.944571
1754989052733,0.27996,0.066401,10.040583
1754989052740,0.224925,0.071186,9.741181
1754989052741,0.270389,-0.120239,9.760324
1754989052742,0.289532,-0.10349,9.832108
1754989052742,0.265603,0.064008,9.961619
1754989052745,0.299103,0.126221,9.966406
1754989052747,0.232104,0.035294,9.934999
1754989052750,0.277567,-0.091525,9.832108
1754989052752,0.260818,-0.077169,9.834501
1754989052756,0.29671,-0.046062,9.84168
1754989052757,0.306281,-0.036491,9.856036
1754989052759,0.308674,-0.048455,9.906285
1754989052763,0.253639,0.025723,9.793823
1754989052765,0.301496,-0.014955,9.937392
1754989052767,0.282353,0.030508,9.882358
1754989052769,0.227318,0.013759,9.836894
1754989052775,0.244068,-0.029312,9.865608
1754989052776,0.303888,-0.055633,9.908679
1754989052777,0.31346,-0.010169,9.899107
1754989052779,0.275175,-0.000598,9.865608
1754989052781,0.287139,-0.026919,9.872787
1754989052783,0.244068,-0.012562,9.882358
1754989052786,0.289532,0.013759,9.882358
1754989052792,0.260818,-0.026919,9.844072
1754989052793,0.284746,-0.022134,9.887143
1754989052794,0.318245,-0.041276,9.906285
1754989052796,0.265603,-0.026919,9.851251
1754989052798,0.299103,-0.007777,9.944571
1754989052800,0.299103,-0.000598,9.891929
1754989052808,0.344566,-0.029312,9.920643
1754989052810,0.272782,-0.022134,9.827323
1754989052811,0.258425,-0.038883,9.767502
1754989052811,0.339781,-0.058026,9.896714
1754989052812,0.236889,-0.034098,9.911072
1754989052814,0.222533,-0.005384,9.896714
1754989052817,0.265603,-0.002991,9.879965
1754989052819,0.289532,-0.050847,9.786645
1754989052825,0.318245,-0.048455,9.903893
1754989052825,0.303888,-0.010169,9.942178
1754989052826,0.325424,-0.012562,9.798609
1754989052829,0.299103,-0.05324,9.829716
1754989052831,0.289532,0.00658,9.923036
1754989052833,0.354138,-0.000598,9.891929
1754989052836,0.270389,-0.029312,9.772287
1754989052842,0.306281,-0.014955,10.007083
1754989052844,0.275175,-0.000598,9.839287
1754989052845,0.311067,-0.046062,9.899107
1754989052846,0.287139,-0.002991,9.906285
1754989052848,0.270389,-0.038883,9.815358
1754989052850,0.284746,0.001795,9.987941
1754989052853,0.284746,-0.010169,9.736395
1754989052860,0.289532,-0.034098,9.985548
1754989052862,0.263211,0.008973,9.822537
1754989052863,0.263211,0.001795,9.947263
1754989052865,0.27996,-0.050847,9.803394
1754989052866,0.267996,-0.019741,9.932607
1754989052867,0.291924,-0.041276,9.863214
1754989052870,0.284746,-0.024526,9.9015
1754989052877,0.287139,0.018544,9.860822
1754989052879,0.303888,-0.029312,9.927821
1754989052880,0.29671,-0.012562,9.887143
1754989052880,0.284746,-0.012562,9.872787
1754989052881,0.29671,-0.010169,9.887143
1754989052884,0.291924,-0.024526,9.877572
1754989052886,0.284746,-0.048455,9.882358
1754989052889,0.287139,-0.007777,9.848858
1754989052894,0.308674,-0.002991,9.9015
1754989052895,0.311067,-0.034098,9.872787
1754989052896,0.299103,-0.034098,9.875179
1754989052898,0.265603,-0.007777,9.832108
1754989052901,0.27996,-0.002991,9.879965
1754989052903,0.275175,-0.007777,9.894321
1754989052910,0.318245,-0.029312,9.899107
1754989052912,0.311067,-0.014955,9.879965
1754989052913,0.251246,-0.029312,9.863214
1754989052914,0.301496,-0.002991,9.872787
1754989052916,0.299103,-0.017348,9.882358
1754989052918,0.267996,-0.012562,9.882358
1754989052920,0.248854,-0.022134,9.882358
1754989052927,0.260818,-0.002991,9.870394
1754989052928,0.272782,-0.022134,9.88475
1754989052929,0.27996,-0.026919,9.88475
1754989052930,0.315853,-0.026919,9.868001
1754989052933,0.294317,-0.026919,9.882358
1754989052934,0.303888,-0.026919,9.870394
1754989052936,0.272782,0.004187,9.887143
1754989052939,0.291924,-0.012562,9.894321
1754989052943,0.287139,-0.043669,9.899107
1754989052944,0.282353,-0.012562,9.879965
1754989052947,0.270389,0.00658,9.889536
1754989052949,0.299103,-0.014955,9.891929
1754989052951,0.27996,-0.038883,9.856036
1754989052953,0.31346,-0.041276,9.865608
1754989052956,0.294317,-0.005384,9.891929
1754989052964,0.282353,-0.05324,9.879965
1754989052965,0.294317,-0.041276,9.899107
1754989052966,0.308674,-0.034098,9.865608
1754989052967,0.27996,-0.017348,9.882358
1754989052968,0.282353,-0.017348,9.870394
1754989052970,0.270389,0.004187,9.887143
1754989052972,0.282353,0.011366,9.863214
1754989052977,0.253639,-0.007777,9.875179
1754989052978,0.270389,-0.026919,9.887143
1754989052980,0.289532,0.013759,9.891929
1754989052982,0.289532,-0.017348,9.882358
1754989052986,0.277567,0.011366,9.863214
1754989052987,0.275175,-0.022134,9.882358
1754989052989,0.299103,-0.000598,9.879965
1754989052996,0.282353,-0.048455,9.868001
1754989052997,0.31346,-0.019741,9.894321
1754989052998,0.306281,-0.017348,9.891929
1754989053000,0.272782,-0.005384,9.872787
1754989053001,0.289532,-0.029312,9.856036
1754989053004,0.301496,-0.026919,9.863214
1754989053006,0.287139,-0.031705,9.889536
1754989053012,0.294317,-0.005384,9.870394
1754989053014,0.289532,-0.012562,9.882358
1754989053015,0.277567,-0.024526,9.865608
1754989053016,0.282353,-0.022134,9.894321
1754989053018,0.282353,-0.005384,9.870394
1754989053021,0.294317,0.00658,9.88475
1754989053023,0.284746,-0.017348,9.868001
1754989053025,0.256032,-0.010169,9.872787
1754989053029,0.256032,-0.029312,9.865608
1754989053031,0.265603,-0.010169,9.870394
1754989053033,0.31346,-0.024526,9.882358
1754989053035,0.287139,0.008973,9.872787
1754989053037,0.299103,-0.022134,9.887143
1754989053040,0.303888,-0.019741,9.889536
1754989053046,0.27996,-0.022134,9.865608
1754989053048,0.287139,-0.036491,9.88475
1754989053049,0.287139,-0.014955,9.906285
1754989053050,0.282353,-0.012562,9.88475
1754989053054,0.272782,0.00658,9.887143
1754989053055,0.315853,0.004187,9.875179
1754989053057,0.263211,-0.022134,9.865608
1754989053063,0.291924,-0.022134,9.9015
1754989053065,0.29671,-0.005384,9.889536
1754989053065,0.299103,-0.010169,9.863214
1754989053067,0.284746,-0.029312,9.879965
1754989053068,0.284746,-0.007777,9.887143
1754989053071,0.263211,-0.034098,9.875179
1754989053073,0.260818,-0.014955,9.882358
1754989053081,0.275175,-0.017348,9.889536
1754989053082,0.282353,0.00658,9.896714
1754989053083,0.244068,-0.024526,9.879965
1754989053085,0.29671,-0.002991,9.882358
1754989053086,0.287139,-0.029312,9.868001
1754989053088,0.270389,-0.012562,9.868001
1754989053090,0.272782,-0.041276,9.88475
1754989053097,0.27996,-0.014955,9.882358
1754989053099,0.308674,-0.002991,9.889536
1754989053100,0.277567,0.00658,9.91825
1754989053101,0.284746,-0.014955,9.88475
1754989053102,0.267996,-0.043669,9.870394
1754989053105,0.277567,-0.034098,9.889536
1754989053107,0.327817,0.008973,9.836894
1754989053115,0.275175,-0.036491,9.952048
1754989053117,0.301496,0.001795,9.836894
1754989053118,0.267996,-0.048455,9.877572
1754989053119,0.311067,-0.010169,9.879965
1754989053121,0.311067,-0.029312,9.796216
1754989053122,0.265603,-0.007777,9.906285
1754989053124,0.294317,-0.010169,9.870394
1754989053126,0.241675,-0.031705,9.956834
1754989053132,0.320638,-0.005384,9.844072
1754989053133,0.284746,-0.026919,9.891929
1754989053134,0.303888,-0.017348,9.860822
1754989053135,0.287139,-0.014955,9.80818
1754989053138,0.284746,-0.055633,9.894321
1754989053140,0.303888,-0.010169,9.906285
1754989053143,0.275175,-0.043669,9.980762
1754989053147,0.277567,-0.034098,9.82493
1754989053149,0.277567,-0.034098,9.952048
1754989053150,0.287139,-0.024526,9.870394
1754989053152,0.291924,-0.026919,9.757931
1754989053155,0.306281,-0.010169,9.891929
1754989053157,0.263211,-0.002991,9.856036
1754989053159,0.272782,-0.05324,9.870394
1754989053165,0.294317,-0.000598,9.913465
1754989053166,0.263211,-0.022134,9.934999
1754989053167,0.31346,-0.010169,9.79143
1754989053170,0.263211,-0.017348,10.002297
1754989053171,0.294317,0.001795,9.798609
1754989053174,0.27996,-0.000598,9.937392
1754989053176,0.267996,-0.029312,9.923036
1754989053183,0.291924,-0.017348,9.750752
1754989053184,0.270389,-0.014955,9.990334
1754989053185,0.323031,-0.058026,9.736395
1754989053186,0.253639,-0.017348,9.925428
1754989053188,0.267996,-0.029312,9.853643
1754989053191,0.258425,-0.026919,9.865608
1754989053193,0.342174,-0.000598,9.952048
1754989053199,0.260818,-0.036491,9.887143
1754989053201,0.277567,-0.005384,9.834501
1754989053202,0.272782,-0.024526,9.999905
1754989053203,0.327817,0.02333,9.734002
1754989053205,0.282353,-0.034098,9.999905
1754989053207,0.308674,-0.005384,9.84168
1754989053210,0.263211,-0.022134,9.812965
1754989053216,0.289532,-0.034098,9.987941
1754989053217,0.265603,-0.048455,9.731609
1754989053218,0.246461,-0.010169,9.863214
1754989053219,0.277567,0.004187,9.908679
1754989053222,0.275175,-0.046062,9.856036
1754989053224,0.294317,0.00658,9.877572
1754989053227,0.253639,-0.022134,10.011869
1754989053229,0.270389,-0.010169,9.765109
1754989053235,0.248854,-0.019741,9.923036
1754989053236,0.308674,-0.014955,9.952048
1754989053237,0.291924,-0.026919,9.834501
1754989053239,0.265603,-0.036491,9.796216
1754989053241,0.311067,-0.017348,9.863214
1754989053243,0.287139,-0.036491,10.026226
1754989053252,0.299103,0.011366,9.834501
1754989053253,0.258425,-0.036491,9.822537
1754989053254,0.284746,-0.024526,9.80818
1754989053255,0.270389,-0.012562,9.932607
1754989053256,0.234497,-0.024526,9.930214
1754989053258,0.275175,0.018544,9.810573
1754989053260,0.258425,-0.019741,9.903893
1754989053267,0.277567,-0.007777,9.920643
1754989053269,0.306281,0.001795,9.769895
1754989053270,0.275175,-0.007777,9.980762
1754989053272,0.301496,-0.017348,9.860822
1754989053273,0.263211,-0.000598,9.934999
1754989053275,0.236889,-0.029312,9.722038
1754989053277,0.270389,-0.074776,9.983155
1754989053280,0.320638,0.004187,9.822537
1754989053285,0.299103,0.068794,9.987941
1754989053286,0.256032,-0.031705,9.705289
1754989053287,0.27996,-0.079561,9.9015
1754989053289,0.29671,-0.029312,9.995119
1754989053292,0.263211,0.075972,9.77468
1754989053294,0.265603,0.018544,9.932607
1754989053296,0.277567,-0.093918,9.88475
1754989053300,0.299103,-0.093918,9.722038
1754989053301,0.29671,-0.000598,9.805787
1754989053303,0.284746,0.028116,9.999905
1754989053306,0.282353,0.00658,10.057333
1754989053308,0.289532,-0.017348,9.848858
1754989053311,0.251246,-0.007777,9.760324
1754989053313,0.301496,-0.017348,9.896714
1754989053319,0.368495,-0.019741,9.956834
1754989053320,0.277567,-0.050847,9.853643
1754989053321,0.282353,-0.024526,9.789038
1754989053323,0.303888,0.013759,9.858429
1754989053325,0.303888,0.013759,9.923036
1754989053327,0.289532,0.001795,9.920643
1754989053330,0.282353,0.020937,9.923036
1754989053335,0.277567,-0.024526,9.899107
1754989053336,0.265603,-0.005384,9.863214
1754989053337,0.272782,-0.012562,9.851251
1754989053339,0.282353,-0.034098,9.856036
1754989053342,0.284746,-0.017348,9.877572
1754989053344,0.275175,-0.022134,9.88475
1754989053346,0.303888,-0.000598,9.858429
1754989053354,0.287139,-0.005384,9.894321
1754989053355,0.267996,-0.022134,9.887143
1754989053357,0.303888,-0.010169,9.911072
1754989053358,0.282353,-0.031705,9.9015
1754989053359,0.272782,0.00658,9.891929
1754989053361,0.31346,0.008973,9.887143
1754989053363,0.29671,-0.022134,9.882358
1754989053371,0.275175,-0.038883,9.891929
1754989053373,0.29671,-0.034098,9.88475
1754989053374,0.267996,-0.029312,9.872787
1754989053376,0.303888,-0.019741,9.88475
1754989053377,0.282353,-0.005384,9.877572
1754989053378,0.289532,-0.000598,9.870394
1754989053380,0.301496,-0.000598,9.906285
1754989053387,0.272782,-0.022134,9.875179
1754989053388,0.267996,-0.007777,9.882358
1754989053389,0.272782,-0.005384,9.911072
1754989053390,0.263211,-0.022134,9.877572
1754989053392,0.258425,-0.026919,9.887143
1754989053394,0.265603,-0.010169,9.858429
1754989053397,0.260818,-0.010169,9.887143
1754989053402,0.289532,-0.005384,9.882358
1754989053403,0.27996,-0.029312,9.868001
1754989053404,0.282353,-0.024526,9.875179
1754989053407,0.282353,-0.022134,9.868001
1754989053409,0.291924,-0.034098,9.877572
1754989053411,0.284746,-0.031705,9.865608
1754989053414,0.308674,-0.019741,9.882358
1754989053419,0.301496,-0.031705,9.887143
1754989053421,0.291924,-0.034098,9.858429
1754989053422,0.308674,-0.017348,9.853643
1754989053423,0.301496,-0.046062,9.872787
1754989053425,0.253639,-0.005384,9.894321
1754989053428,0.272782,-0.022134,9.882358
1754989053430,0.27996,-0.014955,9.875179
1754989053439,0.277567,-0.017348,9.872787
1754989053440,0.282353,-0.038883,9.860822
1754989053442,0.258425,0.013759,9.891929
1754989053443,0.263211,0.001795,9.877572
1754989053444,0.284746,-0.024526,9.889536
1754989053445,0.258425,-0.019741,9.863214
1754989053447,0.284746,0.001795,9.863214
1754989053455,0.275175,-0.012562,9.891929
1754989053456,0.265603,0.001795,9.868001
1754989053457,0.260818,0.004187,9.889536
1754989053459,0.241675,-0.007777,9.9015
1754989053460,0.263211,-0.012562,9.872787
1754989053461,0.287139,-0.017348,9.891929
1754989053464,0.251246,-0.038883,9.882358
1754989053468,0.299103,-0.007777,9.879965
1754989053469,0.265603,-0.005384,9.887143
1754989053473,0.299103,-0.024526,9.887143
1754989053474,0.299103,-0.017348,9.88475
1754989053476,0.306281,-0.031705,9.870394
1754989053478,0.303888,-0.043669,9.872787
1754989053481,0.267996,-0.022134,9.851251
1754989053483,0.299103,-0.026919,9.891929
1754989053490,0.258425,-0.017348,9.891929
1754989053491,0.318245,-0.050847,9.863214
1754989053492,0.311067,-0.036491,9.858429
1754989053493,0.308674,-0.038883,9.846465
1754989053495,0.183948,0.00658,9.77468
1754989053497,0.287139,-0.012562,9.947263
1754989053500,0.33021,-0.019741,9.925428
1754989053502,0.378066,-0.029312,10.019048
1754989053505,0.370888,-0.014955,10.031012
1754989053507,0.344566,0.001795,10.016655
1754989053509,0.332602,-0.038883,9.899107
1754989053512,0.315853,-0.043669,9.964012
1754989053514,0.311067,-0.002991,9.930214
1754989053517,0.260818,-0.014955,9.80818
1754989053522,0.339781,-0.019741,9.906285
1754989053523,0.301496,-0.022134,9.820144
1754989053525,0.308674,-0.012562,9.952048
1754989053528,0.263211,0.00658,9.889536
1754989053529,0.267996,-0.036491,9.851251
1754989053531,0.320638,-0.010169,9.856036
1754989053533,0.27996,-0.007777,9.879965
1754989053538,0.263211,-0.000598,9.863214
1754989053539,0.270389,0.00658,9.846465
1754989053541,0.287139,-0.041276,9.908679
1754989053543,0.277567,-0.043669,9.896714
1754989053545,0.291924,-0.000598,9.851251
1754989053548,0.251246,-0.010169,9.868001
1754989053550,0.294317,-0.005384,9.88475
1754989053557,0.31346,-0.005384,9.889536
1754989053559,0.282353,-0.017348,9.887143
1754989053560,0.29671,-0.017348,9.88475
1754989053561,0.27996,-0.017348,9.856036
1754989053562,0.284746,-0.002991,9.870394
1754989053565,0.287139,-0.026919,9.879965
1754989053567,0.289532,-0.010169,9.879965
1754989053569,0.291924,-0.038883,9.879965
1754989053576,0.272782,-0.026919,9.858429
1754989053578,0.294317,-0.022134,9.879965
1754989053579,0.294317,-0.031705,9.863214
1754989053580,0.260818,-0.012562,9.858429
1754989053582,0.294317,-0.024526,9.889536
1754989053584,0.263211,-0.034098,9.899107
1754989053592,0.27996,-0.036491,9.868001
1754989053594,0.244068,0.004187,9.875179
1754989053595,0.267996,-0.017348,9.877572
1754989053596,0.258425,-0.031705,9.88475
1754989053597,0.258425,-0.031705,9.853643
1754989053599,0.260818,-0.019741,9.856036
1754989053601,0.29671,-0.038883,9.851251
1754989053608,0.301496,-0.024526,9.903893
1754989053610,0.315853,0.013759,9.848858
1754989053611,0.267996,-0.029312,9.939785
1754989053612,0.284746,0.008973,9.877572
1754989053613,0.299103,-0.019741,9.877572
1754989053615,0.287139,-0.010169,9.88475
1754989053618,0.301496,-0.007777,9.798609
1754989053625,0.248854,-0.017348,9.911072
1754989053627,0.27996,0.00658,9.832108
1754989053628,0.277567,-0.029312,9.947263
1754989053629,0.320638,0.008973,9.891929
1754989053631,0.282353,0.001795,9.942178
1754989053632,0.308674,0.018544,9.870394
1754989053634,0.294317,-0.014955,9.82493
1754989053637,0.282353,-0.036491,9.896714
1754989053645,0.308674,-0.012562,9.839287
1754989053647,0.287139,-0.038883,9.959227
1754989053648,0.31346,0.02333,9.870394
1754989053649,0.246461,-0.05324,9.937392
1754989053651,0.325424,0.00658,9.865608
1754989053652,0.275175,-0.048455,9.82493
1754989053654,0.239282,-0.034098,9.894321
1754989053657,0.29671,-0.002991,9.80818
1754989053658,0.253639,-0.029312,9.952048
1754989053661,0.303888,0.008973,9.870394
1754989053663,0.265603,-0.024526,9.934999
1754989053665,0.289532,0.032901,9.865608
1754989053668,0.272782,-0.005384,9.832108
1754989053670,0.287139,-0.036491,9.896714
1754989053676,0.337388,-0.005384,9.846465
1754989053677,0.265603,-0.022134,9.937392
1754989053678,0.325424,0.047258,9.860822
1754989053679,0.265603,-0.050847,9.939785
1754989053682,0.303888,0.008973,9.889536
1754989053684,0.291924,-0.026919,9.827323
1754989053687,0.253639,-0.031705,9.851251
1754989053693,0.27996,-0.022134,9.79143
1754989053694,0.241675,-0.036491,9.954441
1754989053695,0.301496,0.00658,9.868001
1754989053696,0.260818,-0.043669,9.944571
1754989053699,0.311067,-0.022134,9.870394
1754989053701,0.303888,-0.036491,9.844072
1754989053703,0.267996,-0.060419,9.882358
1754989053710,0.320638,-0.019741,9.803394
1754989053711,0.248854,-0.038883,9.959227
1754989053712,0.308674,-0.010169,9.872787
1754989053713,0.258425,-0.041276,9.927821
1754989053715,0.306281,0.008973,9.865608
1754989053718,0.275175,-0.010169,9.822537
1754989053720,0.282353,-0.019741,9.882358
1754989053727,0.320638,0.02333,9.832108
1754989053729,0.241675,-0.041276,9.949656
1754989053730,0.29671,-0.007777,9.848858
1754989053731,0.284746,-0.043669,9.868001
1754989053732,0.315853,-0.029312,9.851251
1754989053735,0.308674,-0.005384,9.822537
1754989053737,0.246461,-0.046062,9.939785
1754989053744,0.299103,-0.012562,9.865608
1754989053746,0.275175,-0.050847,9.877572
1754989053747,0.282353,-0.007777,9.877572
1754989053749,0.29671,-0.010169,9.856036
1754989053750,0.327817,-0.026919,9.961619
1754989053752,0.320638,0.028116,9.865608
1754989053754,0.27996,-0.002991,9.834501
1754989053760,0.323031,-0.022134,9.923036
1754989053762,0.334995,0.013759,9.875179
1754989053763,0.289532,-0.050847,9.82493
1754989053765,0.284746,-0.007777,9.937392
1754989053766,0.320638,-0.005384,9.870394
1754989053770,0.270389,-0.048455,9.834501
1754989053771,0.27996,-0.002991,9.937392
1754989053776,0.301496,0.00658,9.834501
1754989053777,0.263211,-0.05324,9.887143
1754989053778,0.306281,-0.036491,9.863214
1754989053781,0.29671,-0.002991,9.942178
1754989053782,0.263211,0.001795,9.832108
1754989053785,0.251246,-0.026919,9.853643
1754989053787,0.31346,-0.060419,9.872787
1754989053795,0.33021,-0.014955,9.894321
1754989053796,0.267996,0.061615,9.911072
1754989053798,0.287139,0.020937,9.923036
1754989053798,0.275175,-0.036491,9.870394
1754989053799,0.27996,-0.065204,9.853643
1754989053802,0.294317,-0.019741,9.906285
1754989053804,0.291924,0.00658,9.889536
1754989053812,0.277567,-0.002991,9.887143
1754989053814,0.303888,-0.022134,9.856036
1754989053815,0.29671,0.018544,9.88475
1754989053816,0.282353,0.001795,9.889536
1754989053817,0.291924,0.00658,9.913465
1754989053819,0.287139,-0.010169,9.88475
1754989053821,0.284746,-0.034098,9.896714
1754989053830,0.303888,-0.012562,9.879965
1754989053831,0.320638,-0.017348,9.863214
1754989053833,0.287139,-0.022134,9.877572
1754989053834,0.27996,-0.012562,9.865608
1754989053835,0.289532,0.016152,9.879965
1754989053836,0.289532,-0.012562,9.872787
1754989053838,0.282353,-0.026919,9.882358
1754989053841,0.282353,-0.029312,9.872787
1754989053848,0.284746,-0.010169,9.853643
1754989053850,0.282353,-0.000598,9.846465
1754989053851,0.258425,-0.014955,9.877572
1754989053852,0.277567,-0.017348,9.872787
1754989053853,0.29671,-0.048455,9.875179
1754989053854,0.289532,-0.019741,9.856036
1754989053857,0.287139,-0.031705,9.868001
1754989053861,0.289532,-0.017348,9.887143
1754989053862,0.306281,-0.007777,9.872787
1754989053864,0.287139,0.001795,9.879965
1754989053866,0.277567,0.004187,9.887143
1754989053869,0.311067,0.004187,9.88475
1754989053871,0.277567,0.004187,9.882358
1754989053873,0.282353,-0.005384,9.865608
1754989053877,0.301496,-0.007777,9.848858
1754989053878,0.260818,-0.012562,9.889536
1754989053880,0.275175,-0.002991,9.896714
1754989053883,0.284746,-0.017348,9.88475
1754989053886,0.272782,-0.031705,9.863214
1754989053888,0.303888,-0.026919,9.887143
1754989053890,0.27996,-0.007777,9.896714
1754989053895,0.306281,0.018544,9.891929
1754989053896,0.306281,-0.014955,9.868001
1754989053897,0.306281,-0.014955,9.865608
1754989053900,0.258425,-0.031705,9.88475
1754989053903,0.270389,-0.034098,9.872787
1754989053905,0.29671,-0.012562,9.879965
1754989053907,0.318245,-0.022134,9.875179
1754989053915,0.287139,-0.029312,9.865608
1754989053917,0.270389,-0.031705,9.879965
1754989053918,0.258425,-0.017348,9.877572
1754989053919,0.332602,-0.034098,9.91825
1754989053920,0.282353,-0.029312,9.865608
1754989053921,0.267996,-0.022134,9.846465
1754989053924,0.284746,-0.014955,9.868001
1754989053932,0.303888,-0.007777,9.920643
1754989053934,0.260818,-0.026919,9.844072
1754989053935,0.267996,-0.029312,9.844072
1754989053936,0.289532,-0.026919,9.891929
1754989053937,0.277567,-0.024526,9.925428
1754989053938,0.265603,-0.007777,9.879965
1754989053941,0.289532,-0.022134,9.853643
1754989053949,0.263211,-0.007777,9.793823
1754989053950,0.303888,-0.050847,10.040583
1754989053951,0.275175,-0.034098,9.755538
1754989053952,0.284746,-0.000598,9.839287
1754989053953,0.291924,-0.014955,10.064511
1754989053955,0.308674,-0.055633,9.865608
1754989053957,0.291924,-0.014955,9.767502
1754989053964,0.282353,0.02333,9.887143
1754989053966,0.303888,-0.000598,10.095618
1754989053967,0.258425,-0.029312,9.954441
1754989053968,0.263211,-0.014955,9.643075
1754989053969,0.284746,-0.017348,9.923036
1754989053972,0.299103,-0.050847,10.009477
1754989053974,0.299103,-0.058026,9.707682
1754989053977,0.29671,0.001795,9.834501
1754989053982,0.327817,0.020937,10.141082
1754989053984,0.267996,-0.007777,9.712467
1754989053985,0.270389,0.004187,9.899107
1754989053987,0.265603,-0.074776,9.88475
1754989053990,0.282353,-0.10349,9.698111
1754989053991,0.306281,-0.060419,10.112368
1754989053994,0.289532,0.025723,9.753145
1754989053999,0.265603,0.044865,10.040583
1754989054001,0.260818,-0.072383,9.71486
1754989054002,0.289532,-0.089133,9.937392
1754989054003,0.301496,-0.034098,9.784252
1754989054005,0.275175,0.078365,10.076475
1754989054008,0.282353,0.02333,9.669396
1754989054010,0.318245,-0.08674,10.014262
1754989054016,0.277567,-0.038883,9.851251
1754989054018,0.260818,0.032901,9.877572
1754989054019,0.248854,-0.005384,9.925428
1754989054020,0.301496,-0.060419,9.779466
1754989054022,0.315853,0.016152,9.875179
1754989054025,0.251246,0.02333,9.908679
1754989054027,0.311067,-0.036491,9.803394
1754989054035,0.311067,-0.012562,9.868001
1754989054036,0.270389,-0.007777,9.930214
1754989054037,0.263211,-0.031705,9.870394
1754989054038,0.337388,-0.005384,9.798609
1754989054039,0.267996,-0.041276,9.868001
1754989054041,0.282353,-0.002991,10.007083
1754989054044,0.315853,0.018544,9.832108
1754989054051,0.284746,-0.036491,9.810573
1754989054053,0.267996,0.008973,9.879965
1754989054054,0.289532,0.018544,9.915857
1754989054055,0.299103,-0.019741,9.966406
1754989054056,0.332602,0.00658,9.853643
1754989054058,0.325424,-0.014955,9.786645
1754989054060,0.289532,-0.029312,9.877572
1754989054067,0.284746,-0.007777,9.839287
1754989054069,0.301496,-0.038883,9.97837
1754989054070,0.291924,0.011366,9.903893
1754989054071,0.256032,-0.012562,9.932607
1754989054073,0.306281,0.020937,9.853643
1754989054075,0.289532,-0.034098,9.805787
1754989054077,0.275175,-0.014955,9.860822
1754989054080,0.318245,-0.005384,9.848858
1754989054083,0.265603,-0.036491,9.968799
1754989054085,0.291924,0.011366,9.887143
1754989054087,0.306281,-0.026919,9.908679
1754989054089,0.270389,-0.012562,9.891929
1754989054092,0.270389,-0.007777,9.801002
1754989054094,0.267996,-0.019741,9.903893
1754989054100,0.289532,-0.005384,9.82493
1754989054102,0.291924,-0.034098,9.956834
1754989054103,0.315853,0.004187,9.84168
1754989054104,0.270389,-0.026919,9.923036
1754989054107,0.291924,0.00658,9.889536
1754989054108,0.301496,-0.010169,9.872787
1754989054111,0.27996,0.008973,9.870394
1754989054113,0.301496,0.004187,9.82493
1754989054116,0.256032,-0.048455,9.927821
1754989054118,0.33021,0.008973,9.875179
1754989054120,0.282353,-0.050847,9.944571
1754989054123,0.311067,0.004187,9.889536
1754989054125,0.260818,-0.036491,9.879965
1754989054127,0.294317,0.013759,9.9015
1754989054130,0.282353,-0.002991,9.834501
1754989054137,0.260818,-0.029312,9.911072
1754989054138,0.332602,-0.014955,9.769895
1754989054139,0.260818,-0.029312,9.959227
1754989054140,0.308674,0.008973,9.789038
1754989054142,0.263211,-0.062812,9.942178
1754989054144,0.301496,0.028116,9.858429
1754989054153,0.289532,-0.014955,9.911072
1754989054155,0.289532,0.008973,9.846465
1754989054156,0.265603,-0.043669,9.875179
1754989054157,0.270389,-0.000598,9.88475
1754989054159,0.291924,0.00658,9.834501
1754989054160,0.251246,0.013759,9.906285
1754989054161,0.289532,0.001795,9.812965
1754989054164,0.251246,-0.048455,9.913465
1754989054169,0.318245,-0.002991,9.858429
1754989054171,0.244068,-0.029312,9.908679
1754989054172,0.332602,0.00658,9.844072
1754989054173,0.282353,-0.014955,9.877572
1754989054175,0.289532,-0.005384,9.877572
1754989054178,0.251246,-0.005384,9.879965
1754989054180,0.256032,-0.005384,9.894321
1754989054185,0.267996,-0.014955,9.860822
1754989054186,0.291924,-0.024526,9.882358
1754989054188,0.315853,-0.034098,9.858429
1754989054189,0.263211,0.001795,9.868001
1754989054192,0.315853,-0.010169,9.877572
1754989054194,0.277567,-0.026919,9.906285
1754989054197,0.289532,-0.034098,9.879965
1754989054202,0.299103,-0.014955,9.875179
1754989054204,0.289532,-0.007777,9.877572
1754989054205,0.291924,-0.019741,9.896714
1754989054207,0.258425,-0.010169,9.870394
1754989054209,0.267996,0.011366,9.889536
1754989054211,0.277567,-0.014955,9.865608
1754989054214,0.287139,-0.022134,9.894321
1754989054220,0.291924,-0.024526,9.913465
1754989054222,0.289532,-0.024526,9.858429
1754989054225,0.299103,-0.012562,9.891929
1754989054227,0.277567,-0.017348,9.891929
1754989054228,0.282353,-0.029312,9.877572
1754989054230,0.308674,-0.046062,9.875179
1754989054232,0.27996,-0.005384,9.875179
1754989054237,0.275175,0.011366,9.889536
1754989054238,0.287139,0.00658,9.896714
1754989054238,0.267996,-0.010169,9.896714
1754989054240,0.282353,-0.029312,9.877572
1754989054243,0.289532,-0.007777,9.877572
1754989054245,0.303888,0.016152,9.879965
1754989054247,0.270389,0.011366,9.887143
1754989054255,0.289532,-0.019741,9.872787
1754989054256,0.301496,0.004187,9.887143
1754989054257,0.234497,0.008973,9.882358
1754989054258,0.248854,-0.012562,9.863214
1754989054260,0.303888,-0.026919,9.877572
1754989054262,0.260818,-0.034098,9.879965
1754989054264,0.294317,-0.007777,9.879965
1754989054273,0.282353,-0.019741,9.863214
1754989054275,0.272782,-0.036491,9.923036
1754989054276,0.272782,-0.041276,9.875179
1754989054277,0.258425,0.004187,9.834501
1754989054279,0.186341,0.016152,9.939785
1754989054280,0.241675,-0.014955,9.815358
1754989054281,0.291924,-0.017348,10.002297
1754989054290,0.356531,-0.038883,9.899107
1754989054292,0.339781,-0.031705,9.860822
1754989054293,0.270389,-0.029312,9.777073
1754989054294,0.251246,-0.002991,9.781859
1754989054296,0.229711,-0.005384,9.925428
1754989054297,0.217747,-0.036491,9.786645
1754989054298,0.265603,-0.046062,9.729217
1754989054306,0.361316,-0.012562,10.229616
1754989054309,0.339781,0.011366,10.088439
1754989054310,0.344566,-0.041276,9.903893
1754989054312,0.205783,-0.002991,9.865608
1754989054313,0.294317,-0.031705,9.956834
1754989054315,0.270389,-0.036491,9.911072
1754989054316,0.267996,-0.017348,9.722038
1754989054322,0.318245,-0.036491,9.856036
1754989054323,0.461815,-0.079561,9.796216
1754989054324,0.253639,0.018544,9.952048
1754989054324,0.267996,-0.012562,9.870394
1754989054326,0.349352,-0.05324,9.789038
1754989054329,0.318245,-0.043669,10.028619
1754989054331,0.363709,-0.038883,10.002297
1754989054334,0.265603,-0.005384,9.987941
1754989054337,0.315853,-0.048455,9.872787
1754989054341,0.256032,-0.014955,9.997512
1754989054342,0.361316,-0.036491,9.899107
1754989054343,0.327817,-0.031705,9.906285
1754989054345,0.306281,-0.002991,9.88475
1754989054348,0.174377,-0.005384,9.810573
1754989054351,0.272782,-0.014955,9.934999
1754989054356,0.227318,0.02333,9.870394
1754989054357,0.327817,-0.026919,9.820144
1754989054357,0.31346,-0.017348,9.879965
1754989054360,0.349352,-0.010169,9.896714
1754989054362,0.303888,-0.019741,9.887143
1754989054365,0.277567,-0.010169,9.839287
1754989054367,0.282353,0.011366,9.882358
1754989054374,0.236889,-0.036491,9.829716
1754989054376,0.306281,-0.019741,9.899107
1754989054377,0.282353,-0.007777,9.882358
1754989054378,0.287139,-0.026919,9.856036
1754989054379,0.294317,-0.014955,9.863214
1754989054381,0.306281,-0.012562,9.913465
1754989054384,0.29671,-0.005384,9.875179
1754989054389,0.284746,-0.002991,9.877572
1754989054390,0.301496,-0.05324,9.891929
1754989054391,0.311067,-0.029312,9.889536
1754989054393,0.303888,-0.000598,9.872787
1754989054396,0.291924,-0.029312,9.879965
1754989054398,0.277567,-0.017348,9.9015
1754989054401,0.275175,-0.000598,9.889536
1754989054406,0.272782,-0.014955,9.887143
1754989054407,0.320638,-0.005384,9.882358
1754989054409,0.277567,0.00658,9.879965
1754989054410,0.306281,-0.017348,9.858429
1754989054412,0.29671,-0.024526,9.868001
1754989054415,0.299103,-0.007777,9.875179
1754989054417,0.284746,-0.010169,9.879965
1754989054420,0.270389,-0.026919,9.872787
1754989054423,0.265603,-0.034098,9.906285
1754989054425,0.282353,-0.026919,9.894321
1754989054427,0.27996,-0.012562,9.868001
1754989054429,0.311067,-0.031705,9.889536
1754989054432,0.291924,0.004187,9.896714
1754989054434,0.291924,-0.024526,9.865608
1754989054442,0.294317,-0.014955,9.872787
1754989054443,0.284746,-0.007777,9.875179
1754989054444,0.241675,-0.019741,9.894321
1754989054445,0.277567,-0.036491,9.875179
1754989054446,0.258425,-0.038883,9.903893
1754989054450,0.291924,-0.002991,9.889536
1754989054451,0.265603,-0.005384,9.891929
1754989054457,0.287139,-0.017348,9.88475
1754989054459,0.282353,-0.002991,9.887143
1754989054459,0.29671,-0.017348,9.868001
1754989054460,0.334995,-0.029312,9.882358
1754989054463,0.270389,-0.031705,9.863214
1754989054465,0.275175,-0.041276,9.894321
1754989054468,0.275175,-0.007777,9.879965
1754989054475,0.299103,-0.012562,9.870394
1754989054477,0.284746,0.001795,9.875179
1754989054478,0.301496,0.011366,9.887143
1754989054479,0.303888,-0.002991,9.889536
1754989054481,0.306281,-0.038883,9.860822
1754989054482,0.294317,0.004187,9.9015
1754989054485,0.272782,-0.017348,9.899107
1754989054493,0.291924,-0.005384,9.870394
1754989054495,0.315853,-0.007777,9.879965
1754989054496,0.311067,-0.017348,9.875179
1754989054497,0.291924,-0.022134,9.875179
1754989054498,0.306281,-0.022134,9.877572
1754989054499,0.284746,-0.038883,9.9015
1754989054501,0.289532,-0.024526,9.887143
1754989054511,0.301496,-0.014955,9.889536
1754989054512,0.289532,0.02333,9.870394
1754989054514,0.253639,-0.014955,9.882358
1754989054515,0.284746,-0.046062,9.889536
1754989054516,0.263211,-0.026919,9.894321
1754989054517,0.287139,0.004187,9.875179
1754989054519,0.31346,-0.002991,9.875179
1754989054521,0.260818,-0.026919,9.896714
1754989054526,0.275175,-0.041276,9.860822
1754989054527,0.272782,0.001795,9.868001
1754989054528,0.284746,-0.012562,9.889536
1754989054530,0.272782,0.02333,9.877572
1754989054533,0.275175,-0.029312,9.863214
1754989054535,0.27996,-0.029312,9.851251
1754989054538,0.284746,-0.029312,9.858429
1754989054543,0.308674,-0.012562,9.879965
1754989054544,0.253639,-0.005384,9.865608
1754989054545,0.272782,-0.014955,9.858429
1754989054547,0.251246,-0.002991,9.863214
1754989054549,0.272782,-0.012562,9.875179
1754989054552,0.246461,0.008973,9.894321
1754989054555,0.277567,-0.002991,9.858429
1754989054560,0.253639,-0.005384,9.870394
1754989054561,0.311067,-0.026919,9.896714
1754989054563,0.284746,-0.031705,9.887143
1754989054564,0.27996,-0.012562,9.899107
1754989054567,0.270389,-0.024526,9.894321
1754989054569,0.256032,-0.012562,9.88475
1754989054571,0.284746,-0.005384,9.875179
1754989054577,0.29671,-0.024526,9.879965
1754989054578,0.289532,-0.036491,9.872787
1754989054579,0.260818,-0.010169,9.872787
1754989054580,0.299103,-0.017348,9.872787
1754989054584,0.318245,-0.031705,9.889536
1754989054585,0.308674,-0.002991,9.88475
1754989054588,0.299103,-0.026919,9.891929
1754989054592,0.289532,-0.026919,9.879965
1754989054593,0.291924,-0.029312,9.882358
1754989054595,0.303888,0.011366,9.879965
1754989054597,0.277567,-0.002991,9.877572
1754989054599,0.275175,-0.014955,9.868001
1754989054602,0.284746,-0.002991,9.891929
1754989054604,0.270389,-0.002991,9.88475
1754989054608,0.291924,-0.031705,9.875179
1754989054609,0.289532,-0.014955,9.88475
1754989054611,0.272782,-0.019741,9.882358
1754989054614,0.275175,-0.017348,9.882358
1754989054616,0.31346,-0.019741,9.882358
1754989054619,0.303888,-0.019741,9.899107
1754989054621,0.263211,-0.017348,9.875179
1754989054626,0.275175,-0.024526,9.894321
1754989054627,0.287139,-0.010169,9.879965
1754989054628,0.289532,-0.000598,9.887143
1754989054631,0.323031,-0.002991,9.870394
1754989054633,0.263211,-0.043669,9.879965
1754989054636,0.260818,-0.026919,9.868001
1754989054638,0.27996,-0.012562,9.882358
1754989054643,0.284746,-0.000598,9.877572
1754989054644,0.306281,-0.019741,9.899107
1754989054645,0.308674,-0.022134,9.875179
1754989054647,0.282353,-0.002991,9.872787
1754989054650,0.267996,-0.007777,9.887143
1754989054652,0.270389,-0.022134,9.872787
1754989054655,0.299103,-0.014955,9.875179
1754989054661,0.291924,-0.005384,9.879965
1754989054662,0.284746,0.00658,9.882358
1754989054663,0.29671,-0.026919,9.899107
1754989054664,0.301496,-0.026919,9.896714
1754989054667,0.263211,-0.012562,9.877572
1754989054669,0.299103,0.001795,9.875179
1754989054672,0.287139,-0.010169,9.856036
1754989054678,0.320638,-0.010169,9.865608
1754989054679,0.323031,-0.017348,9.879965
1754989054679,0.31346,-0.031705,9.870394
1754989054681,0.258425,-0.026919,9.894321
1754989054683,0.260818,-0.041276,9.882358
1754989054686,0.294317,-0.036491,9.891929
1754989054688,0.275175,0.001795,9.899107
1754989054694,0.263211,-0.002991,9.891929
1754989054695,0.27996,-0.017348,9.882358
1754989054696,0.289532,-0.029312,9.899107
1754989054698,0.294317,-0.029312,9.879965
1754989054700,0.277567,-0.012562,9.891929
1754989054702,0.270389,-0.012562,9.877572
1754989054705,0.31346,-0.022134,9.870394
1754989054707,0.291924,-0.05324,9.877572
1754989054711,0.301496,-0.029312,9.896714
1754989054712,0.27996,-0.024526,9.877572
1754989054714,0.29671,0.00658,9.875179
1754989054717,0.27996,-0.014955,9.868001
1754989054719,0.275175,-0.022134,9.848858
1754989054722,0.287139,0.00658,9.88475
1754989054725,0.327817,-0.000598,9.894321
1754989054729,0.31346,-0.010169,9.887143
1754989054729,0.303888,-0.019741,9.88475
1754989054731,0.263211,-0.024526,9.891929
1754989054734,0.272782,-0.010169,9.870394
1754989054736,0.282353,-0.007777,9.894321
1754989054738,0.260818,-0.017348,9.863214
1754989054741,0.251246,-0.005384,9.88475
1754989054745,0.27996,-0.029312,9.906285
1754989054746,0.294317,-0.002991,9.896714
1754989054748,0.315853,-0.026919,9.851251
1754989054750,0.294317,-0.017348,9.88475
1754989054753,0.260818,0.001795,9.877572
1754989054755,0.272782,-0.022134,9.9015
1754989054761,0.260818,-0.046062,9.879965
1754989054762,0.236889,-0.012562,9.872787
1754989054763,0.258425,-0.014955,9.865608
1754989054765,0.287139,-0.002991,9.868001
1754989054767,0.29671,-0.012562,9.868001
1754989054770,0.287139,-0.034098,9.875179
1754989054772,0.303888,0.004187,9.870394
1754989054774,0.301496,0.004187,9.882358
1754989054777,0.263211,-0.031705,9.896714
1754989054779,0.289532,-0.031705,9.877572
1754989054781,0.275175,-0.026919,9.891929
1754989054784,0.287139,-0.024526,9.899107
1754989054786,0.308674,-0.026919,9.891929
1754989054789,0.301496,-0.043669,9.9015
1754989054793,0.287139,-0.010169,9.877572
