1755067693947,-0.174777,0.175658,9.346819
1755067693949,-0.166579,0.172086,9.34411
1755067693950,-0.169739,0.164079,9.344579
1755067693951,-0.174317,0.163514,9.342558
1755067693952,-0.18692,0.170994,9.348535
1755067693953,-0.187983,0.158477,9.352692
1755067693954,-0.168973,0.167,9.350928
1755067693955,-0.164405,0.162164,9.352862
1755067693956,-0.173426,0.155652,9.351646
1755067693957,-0.178751,0.168858,9.34524
1755067693958,-0.18376,0.173742,9.341677
1755067693959,-0.176788,0.17085,9.348917
1755067693960,-0.174058,0.178904,9.350872
1755067693961,-0.178665,0.180168,9.351168
1755067693962,-0.174633,0.180379,9.351848
1755067693963,-0.170381,0.181002,9.346543
1755067693964,-0.164577,0.180973,9.346934
1755067693964,-0.170525,0.173972,9.355362
1755067693965,-0.174394,0.192331,9.360668
1755067693966,-0.169701,0.189056,9.351052
1755067693966,-0.167699,0.185503,9.334436
1755067693967,-0.158391,0.168111,9.347873
1755067693967,-0.143394,0.165526,9.34362
1755067693968,-0.15524,0.157663,9.339532
1755067693968,-0.160153,0.166435,9.341102
1755067693969,-0.164692,0.172737,9.346589
1755067693969,-0.168456,0.163687,9.345718
1755067693970,-0.157491,0.164616,9.348152
1755067693971,-0.15614,0.175801,9.358646
1755067693972,-0.161216,0.175198,9.360016
1755067693972,-0.169193,0.174078,9.360323
1755067693973,-0.169347,0.176041,9.362985
1755067693974,-0.155048,0.174662,9.354826
1755067693975,-0.164462,0.179096,9.350554
1755067693975,-0.176041,0.177085,9.345593
1755067693976,-0.177774,0.173915,9.346916
1755067693977,-0.16814,0.17267,9.351121
1755067693977,-0.172306,0.175782,9.344406
1755067693978,-0.16068,0.170142,9.341724
1755067693978,-0.164079,0.174068,9.347653
1755067693979,-0.172047,0.176596,9.347395
1755067693980,-0.173311,0.17402,9.351656
1755067693980,-0.176299,0.175007,9.350248
1755067693981,-0.18059,0.182438,9.34116
1755067693982,-0.177075,0.181078,9.349319
1755067693982,-0.166225,0.167498,9.361855
1755067693982,-0.163543,0.164079,9.356904
1755067693983,-0.171176,0.18329,9.350095
1755067693983,-0.179718,0.193547,9.344454
1755067693984,-0.181164,0.199188,9.344501
1755067693984,-0.176912,0.198345,9.343248
1755067693985,-0.169644,0.193365,9.344733
1755067693985,-0.176979,0.180963,9.341092
1755067693986,-0.176165,0.173474,9.350142
1755067693986,-0.181758,0.168992,9.354787
1755067693986,-0.197225,0.161101,9.34345
1755067693987,-0.18625,0.158171,9.347346
1755067693987,-0.168906,0.164166,9.354059
1755067693988,-0.16272,0.1756,9.35568
1755067693992,-0.162394,0.178445,9.342615
1755067693992,-0.168782,0.174834,9.343095
1755067693995,-0.183415,0.190511,9.348716
1755067693995,-0.177583,0.201132,9.352786
1755067693998,-0.166225,0.202243,9.347538
1755067693999,-0.171875,0.183539,9.347443
1755067694001,-0.165248,0.178598,9.348562
1755067694003,-0.164606,0.179556,9.349339
1755067694005,-0.168705,0.183741,9.353868
1755067694010,-0.166905,0.177276,9.356684
1755067694011,-0.168571,0.175064,9.355975
1755067694011,-0.155997,0.164673,9.350104
1755067694013,-0.150164,0.164146,9.345718
1755067694015,-0.164319,0.169979,9.343688
1755067694017,-0.168954,0.178157,9.357536
1755067694019,-0.167144,0.176606,9.356167
1755067694021,-0.166905,0.171205,9.350353
1755067694023,-0.177391,0.169308,9.351857
1755067694026,-0.182093,0.169845,9.363214
1755067694027,-0.16996,0.173685,9.35428
1755067694029,-0.163859,0.180427,9.349645
1755067694031,-0.17108,0.187456,9.355237
1755067694033,-0.170678,0.180178,9.357566
1755067694035,-0.17832,0.169423,9.36378
1755067694037,-0.168753,0.165794,9.357365
1755067694039,-0.17221,0.166656,9.351445
1755067694041,-0.159626,0.167374,9.350737
1755067694043,-0.167403,0.180293,9.351168
1755067694045,-0.171434,0.184028,9.351417
1755067694047,-0.175696,0.17696,9.34975
1755067694049,-0.173982,0.17063,9.351321
1755067694051,-0.171549,0.176165,9.349981
1755067694053,-0.153736,0.173311,9.344157
1755067694055,-0.157692,0.16679,9.341782
1755067694058,-0.167901,0.169644,9.343908
1755067694059,-0.168159,0.18014,9.348399
1755067694061,-0.166464,0.18284,9.348773
1755067694063,-0.165277,0.175141,9.356416
1755067694065,-0.163323,0.173627,9.360553
1755067694067,-0.167182,0.183453,9.356655
1755067694069,-0.173244,0.189994,9.344444
1755067694071,-0.163936,0.190713,9.349224
1755067694073,-0.162087,0.190751,9.349492
1755067694075,-0.163744,0.187523,9.348553
1755067694077,-0.161427,0.179536,9.344971
1755067694079,-0.166895,0.180465,9.352087
1755067694081,-0.163476,0.174978,9.351052
1755067694083,-0.16588,0.174078,9.349072
1755067694085,-0.161589,0.182946,9.34839
1755067694087,-0.159933,0.174049,9.346954
1755067694089,-0.163543,0.17379,9.355314
1755067694092,-0.153114,0.184344,9.349875
1755067694093,-0.163313,0.187102,9.343698
1755067694095,-0.172469,0.186144,9.347606
1755067694097,-0.168944,0.182658,9.343563
1755067694099,-0.176673,0.179412,9.344675
1755067694101,-0.180915,0.185608,9.34342
1755067694103,-0.17266,0.174662,9.342846
1755067694105,-0.16633,0.17403,9.341246
1755067694107,-0.155144,0.18217,9.339244
1755067694110,-0.157395,0.177094,9.347816
1755067694112,-0.154857,0.163476,9.352038
1755067694113,-0.160048,0.161369,9.356836
1755067694115,-0.156083,0.161283,9.366289
1755067694117,-0.156983,0.171664,9.357928
1755067694119,-0.155192,0.17426,9.353227
1755067694121,-0.152166,0.162834,9.348562
1755067694123,-0.154321,0.167987,9.345939
1755067694126,-0.156121,0.173062,9.347499
1755067694127,-0.157385,0.178914,9.345757
1755067694130,-0.156418,0.173809,9.339926
1755067694132,-0.158736,0.172124,9.345096
1755067694134,-0.153315,0.169031,9.3486
1755067694135,-0.154302,0.161082,9.3559
1755067694137,-0.155661,0.165554,9.359672
1755067694139,-0.16611,0.167201,9.357641
1755067694141,-0.160603,0.172612,9.356915
1755067694143,-0.164865,0.164941,9.360773
1755067694145,-0.171348,0.165832,9.35291
1755067694147,-0.175131,0.177966,9.35088
1755067694149,-0.17357,0.169797,9.353381
1755067694151,-0.173857,0.171511,9.357105
1755067694153,-0.173532,0.176012,9.357182
1755067694155,-0.163706,0.180226,9.355745
1755067694157,-0.168561,0.169232,9.351838
1755067694160,-0.176874,0.177123,9.350669
1755067694161,-0.178837,0.185512,9.344655
1755067694163,-0.163945,0.182323,9.345833
1755067694165,-0.162308,0.181873,9.350794
1755067694167,-0.171875,0.180398,9.349568
1755067694169,-0.172612,0.165736,9.349769
1755067694171,-0.164855,0.16611,9.346331
1755067694173,-0.150021,0.164462,9.347499
1755067694175,-0.151783,0.178349,9.345029
1755067694177,-0.15886,0.185551,9.337166
1755067694179,-0.158314,0.184354,9.344148
1755067694181,-0.158496,0.186192,9.349962
1755067694183,-0.167968,0.185081,9.353715
1755067694185,-0.164357,0.177755,9.355362
1755067694187,-0.172651,0.181452,9.358513
1755067694189,-0.176127,0.178119,9.344139
1755067694191,-0.175323,0.185091,9.346543
1755067694194,-0.171885,0.174509,9.348467
1755067694195,-0.164635,0.162135,9.350076
1755067694197,-0.160603,0.166799,9.345996
1755067694199,-0.149638,0.16249,9.343966
1755067694201,-0.152262,0.171415,9.346188
1755067694203,-0.156705,0.179038,9.353533
1755067694205,-0.159741,0.180025,9.36742
1755067694207,-0.15593,0.182007,9.370168
1755067694209,-0.163524,0.17968,9.359481
1755067694211,-0.166617,0.185196,9.357795
1755067694214,-0.152808,0.187025,9.350458
1755067694215,-0.160095,0.185139,9.350334
1755067694217,-0.166646,0.189152,9.344176
1755067694219,-0.167489,0.190167,9.345641
1755067694221,-0.172172,0.194045,9.34138
1755067694223,-0.177803,0.185464,9.339292
1755067694225,-0.179086,0.171683,9.335309
1755067694228,-0.178837,0.166799,9.331593
1755067694229,-0.172019,0.169787,9.334917
1755067694231,-0.173762,0.172162,9.334629
1755067694233,-0.16272,0.172775,9.341973
1755067694235,-0.162844,0.186882,9.34409
1755067694237,-0.164577,0.180168,9.346408
1755067694239,-0.167814,0.174355,9.348372
1755067694241,-0.163218,0.177669,9.349282
1755067694243,-0.15886,0.180657,9.355631
1755067694246,-0.170151,0.171348,9.359089
1755067694248,-0.173618,0.17945,9.36106
1755067694249,-0.175141,0.170333,9.362469
1755067694251,-0.176185,0.168379,9.357919
1755067694253,-0.177027,0.171348,9.343889
1755067694255,-0.182429,0.175007,9.341724
1755067694257,-0.17922,0.183166,9.347213
1755067694259,-0.178732,0.188797,9.346044
1755067694263,-0.172344,0.179766,9.347729
1755067694265,-0.167115,0.177707,9.341467
1755067694266,-0.162116,0.172114,9.339732
1755067694267,-0.161063,0.16994,9.339857
1755067694269,-0.165478,0.175083,9.354404
1755067694271,-0.161992,0.180858,9.359901
1755067694276,-0.155144,0.176299,9.349367
1755067694277,-0.148824,0.177554,9.349981
1755067694278,-0.145912,0.16678,9.342615
1755067694280,-0.15593,0.165468,9.344291
1755067694282,-0.170142,0.175342,9.346916
1755067694283,-0.171626,0.178493,9.346848
1755067694285,-0.154886,0.174671,9.349962
1755067694287,-0.160268,0.173627,9.355438
1755067694289,-0.162959,0.180523,9.352728
1755067694291,-0.173695,0.181251,9.354233
1755067694293,-0.17923,0.175897,9.348036
1755067694296,-0.161101,0.168054,9.342089
1755067694297,-0.151122,0.176721,9.341361
1755067694299,-0.16453,0.173723,9.358015
1755067694301,-0.169471,0.178464,9.359997
1755067694303,-0.160249,0.175275,9.357949
1755067694305,-0.162116,0.164874,9.35859
1755067694307,-0.171875,0.177334,9.34702
1755067694309,-0.181873,0.183999,9.350516
1755067694311,-0.175074,0.172842,9.348649
1755067694314,-0.169337,0.167173,9.355391
1755067694315,-0.161417,0.168485,9.352862
1755067694318,-0.166847,0.178895,9.352498
1755067694319,-0.168102,0.172287,9.36108
1755067694321,-0.161264,0.157395,9.351531
1755067694323,-0.156293,0.169433,9.348965
1755067694325,-0.159846,0.180111,9.357881
1755067694327,-0.153679,0.175821,9.350248
1755067694330,-0.165047,0.180973,9.350947
1755067694332,-0.179211,0.180379,9.346273
1755067694333,-0.175849,0.175792,9.353168
1755067694335,-0.168274,0.178435,9.35749
1755067694337,-0.160737,0.163955,9.356923
1755067694339,-0.160373,0.169711,9.350564
1755067694341,-0.159933,0.174499,9.347768
1755067694343,-0.154943,0.174882,9.356665
1755067694345,-0.156897,0.177927,9.355467
1755067694347,-0.163591,0.180733,9.347528
1755067694349,-0.166723,0.173378,9.347883
1755067694351,-0.156657,0.182907,9.352261
1755067694353,-0.156753,0.180571,9.351465
1755067694355,-0.160201,0.189247,9.347413
1755067694357,-0.167834,0.180408,9.347069
1755067694359,-0.173043,0.176242,9.340997
1755067694361,-0.164932,0.174365,9.332101
1755067694364,-0.167067,0.172392,9.328671
1755067694366,-0.17222,0.173608,9.34115
1755067694367,-0.182189,0.172373,9.338909
1755067694369,-0.182802,0.168341,9.350142
1755067694371,-0.17854,0.180877,9.346638
1755067694373,-0.173264,0.175859,9.347174
1755067694375,-0.166531,0.172775,9.358542
1755067694377,-0.161829,0.179144,9.362613
1755067694379,-0.15231,0.170601,9.356779
1755067694381,-0.156131,0.169778,9.351158
1755067694383,-0.16023,0.167479,9.341284
1755067694385,-0.16813,0.158582,9.340412
1755067694387,-0.175466,0.15546,9.338133
1755067694389,-0.16792,0.163629,9.347548
1755067694391,-0.162365,0.172708,9.350708
1755067694393,-0.169184,0.169624,9.352001
1755067694395,-0.161139,0.16723,9.35767
1755067694398,-0.161226,0.16881,9.350842
1755067694400,-0.171865,0.166876,9.345
1755067694402,-0.172593,0.163572,9.34501
1755067694403,-0.178138,0.156447,9.342481
1755067694405,-0.174968,0.157577,9.341821
1755067694407,-0.174384,0.159875,9.334207
1755067694409,-0.179785,0.157682,9.338842
1755067694411,-0.188692,0.15297,9.342271
1755067694413,-0.185101,0.167613,9.354203
1755067694416,-0.185857,0.161915,9.351675
1755067694418,-0.185282,0.16655,9.342251
1755067694419,-0.171865,0.173714,9.342769
1755067694421,-0.169883,0.171406,9.349137
1755067694423,-0.173024,0.173762,9.354663
1755067694425,-0.163495,0.169375,9.346945
1755067694427,-0.159348,0.166033,9.33779
1755067694429,-0.153516,0.174058,9.353236
1755067694431,-0.152549,0.180437,9.350688
1755067694433,-0.145663,0.175773,9.336008
1755067694436,-0.143681,0.162279,9.337933
1755067694437,-0.142493,0.158036,9.337186
1755067694439,-0.145424,0.162854,9.336507
1755067694441,-0.152377,0.164903,9.347633
1755067694443,-0.152942,0.165363,9.353456
1755067694445,-0.151294,0.166866,9.353926
1755067694447,-0.159837,0.17357,9.347567
1755067694450,-0.159253,0.16746,9.350152
1755067694451,-0.168332,0.181749,9.342454
1755067694454,-0.162413,0.18148,9.345824
1755067694455,-0.162403,0.177133,9.345096
1755067694457,-0.172813,0.179192,9.345423
1755067694459,-0.179766,0.17131,9.352393
1755067694461,-0.181576,0.159502,9.347413
1755067694463,-0.179393,0.159502,9.34703
1755067694465,-0.158841,0.170965,9.353342
1755067694468,-0.161197,0.177382,9.353417
1755067694469,-0.167489,0.180638,9.354749
1755067694471,-0.162873,0.176462,9.343746
1755067694473,-0.164683,0.177343,9.3468
1755067694475,-0.166177,0.177133,9.345038
1755067694477,-0.155125,0.171789,9.354816
1755067694479,-0.163945,0.176999,9.357277
1755067694481,-0.169519,0.166119,9.359949
1755067694484,-0.178148,0.168236,9.35973
1755067694485,-0.170515,0.162212,9.364182
1755067694487,-0.162643,0.167211,9.36493
1755067694489,-0.159492,0.175543,9.368166
1755067694491,-0.163897,0.176912,9.357833
1755067694494,-0.153985,0.182994,9.344454
1755067694495,-0.151907,0.182898,9.342051
1755067694497,-0.14551,0.171942,9.34728
1755067694499,-0.149216,0.172191,9.346016
1755067694501,-0.153832,0.174327,9.353312
1755067694503,-0.155125,0.168552,9.353006
1755067694505,-0.15818,0.161465,9.348152
1755067694507,-0.174872,0.172746,9.343927
1755067694509,-0.17922,0.172315,9.338986
1755067694511,-0.173187,0.179795,9.347903
1755067694513,-0.166675,0.170783,9.345116
1755067694515,-0.161015,0.168293,9.339715
1755067694518,-0.166368,0.168887,9.331133
1755067694520,-0.168753,0.164587,9.329524
1755067694522,-0.163218,0.169232,9.335117
1755067694523,-0.161829,0.170841,9.349578
1755067694525,-0.16452,0.168858,9.345392
1755067694527,-0.159004,0.167479,9.337148
1755067694529,-0.16,0.175562,9.336782
1755067694532,-0.164012,0.175495,9.348965
1755067694534,-0.160392,0.168648,9.339052
1755067694536,-0.151045,0.168542,9.348553
1755067694538,-0.154943,0.172354,9.354796
1755067694539,-0.167498,0.181184,9.352892
1755067694541,-0.178473,0.187313,9.358254
1755067694543,-0.173982,0.186144,9.351455
1755067694546,-0.178962,0.167288,9.341179
1755067694548,-0.179967,0.168178,9.363111
1755067694549,-0.176874,0.161838,9.362525
1755067694552,-0.177966,0.167154,9.325291
1755067694554,-0.16679,0.16723,9.359882
1755067694555,-0.159789,0.181873,9.359585
1755067694557,-0.160095,0.174307,9.337137
1755067694559,-0.175342,0.177391,9.355161
1755067694561,-0.179709,0.182927,9.342615
1755067694563,-0.168686,0.185101,9.355775
1755067694565,-0.159368,0.166866,9.35477
1755067694567,-0.161829,0.17606,9.352374
1755067694570,-0.168542,0.183243,9.316126
1755067694571,-0.173714,0.180226,9.37463
1755067694573,-0.171731,0.167077,9.328011
1755067694575,-0.170534,0.167872,9.311318
1755067694577,-0.173953,0.166205,9.372658
1755067694580,-0.171319,0.170477,9.335433
1755067694582,-0.167412,0.171664,9.324075
1755067694583,-0.153736,0.16973,9.385213
1755067694586,-0.150231,0.162729,9.335721
1755067694587,-0.163074,0.15818,9.333508
1755067694589,-0.169481,0.153392,9.393699
1755067694591,-0.165698,0.156399,9.341371
1755067694593,-0.175639,0.16655,9.337636
1755067694596,-0.165794,0.158803,9.393726
1755067694598,-0.153804,0.159119,9.334237
1755067694599,-0.155939,0.163246,9.32713
1755067694602,-0.157577,0.177027,9.394818
1755067694604,-0.159827,0.182706,9.349367
1755067694605,-0.162365,0.179307,9.3278
1755067694607,-0.164769,0.175256,9.392444
1755067694609,-0.16565,0.177985,9.336917
1755067694611,-0.169691,0.180341,9.322897
1755067694614,-0.170898,0.18081,9.404338
1755067694615,-0.178646,0.175189,9.351608
1755067694618,-0.177133,0.166474,9.327868
1755067694620,-0.170075,0.159214,9.40407
1755067694621,-0.166014,0.156169,9.353274
1755067694623,-0.161446,0.152463,9.315993
1755067694625,-0.150796,0.152214,9.37599
1755067694627,-0.152242,0.152808,9.33597
1755067694629,-0.15614,0.154503,9.298591
1755067694632,-0.166732,0.160747,9.3638
1755067694633,-0.169452,0.165344,9.351254
1755067694635,-0.165937,0.165842,9.292807
1755067694637,-0.153918,0.170707,9.323807
1755067694639,-0.159856,0.178339,9.36017
1755067694641,-0.16202,0.182285,9.378576
1755067694643,-0.172258,0.177564,9.333048
1755067694645,-0.17176,0.183041,9.338842
1755067694647,-0.169356,0.183856,9.409595
1755067694650,-0.16317,0.175476,9.348372
1755067694652,-0.158707,0.176328,9.328135
1755067694654,-0.158238,0.169366,9.383691
1755067694656,-0.164644,0.161743,9.339016
1755067694657,-0.165928,0.168839,9.2925
1755067694659,-0.165267,0.172469,9.340327
1755067694661,-0.167173,0.176826,9.376297
1755067694663,-0.176721,0.16927,9.325769
1755067694666,-0.18148,0.166378,9.350104
1755067694667,-0.1713,0.163179,9.417891
1755067694670,-0.167948,0.162279,9.353322
1755067694672,-0.17652,0.164664,9.311481
1755067694674,-0.170908,0.173235,9.367228
1755067694676,-0.16928,0.18399,9.357679
1755067694677,-0.181337,0.181231,9.305976
1755067694679,-0.181002,0.183597,9.338708
1755067694682,-0.172172,0.188347,9.396993
1755067694683,-0.172842,0.178588,9.344436
1755067694685,-0.170486,0.171952,9.291677
1755067694687,-0.168188,0.176673,9.344214
1755067694689,-0.17312,0.162652,9.417295
1755067694691,-0.174307,0.163917,9.347692
1755067694693,-0.177793,0.166052,9.309192
1755067694695,-0.166828,0.165631,9.364987
1755067694697,-0.165573,0.160584,9.414355
1755067694699,-0.160565,0.169021,9.33437
1755067694701,-0.173321,0.174403,9.319468
1755067694703,-0.179201,0.168533,9.379678
1755067694705,-0.170735,0.171932,9.370062
1755067694707,-0.166215,0.180303,9.321422
1755067694709,-0.16293,0.17199,9.348467
1755067694711,-0.161925,0.171185,9.4
1755067694714,-0.160814,0.165889,9.331439
1755067694715,-0.15275,0.172325,9.349808
1755067694717,-0.15705,0.173934,9.308867
1755067694719,-0.165133,0.176098,9.3545
1755067694721,-0.173503,0.172363,9.402805
1755067694723,-0.169758,0.181107,9.33209
1755067694725,-0.165612,0.17787,9.305907
1755067694727,-0.16611,0.175064,9.368616
1755067694729,-0.166751,0.182553,9.361548
1755067694731,-0.173225,0.177468,9.310561
1755067694733,-0.169481,0.172718,9.33552
1755067694735,-0.168906,0.175524,9.383556
1755067694737,-0.171434,0.173168,9.3296
1755067694739,-0.174987,0.170304,9.307919
1755067694741,-0.174528,0.162059,9.363312
1755067694743,-0.170132,0.167144,9.355362
1755067694745,-0.157222,0.176817,9.308771
1755067694747,-0.152348,0.170659,9.336917
1755067694750,-0.171051,0.177544,9.379534
1755067694751,-0.171195,0.183051,9.346589
1755067694754,-0.166387,0.176242,9.328835
1755067694756,-0.154167,0.173149,9.373234
1755067694757,-0.156188,0.178301,9.35656
1755067694760,-0.167929,0.186164,9.317382
1755067694761,-0.176232,0.175074,9.35474
1755067694763,-0.183578,0.171837,9.349607
1755067694765,-0.188337,0.175763,9.32984
1755067694767,-0.18489,0.174087,9.346226
1755067694769,-0.172057,0.16383,9.350527
1755067694772,-0.168571,0.161475,9.330473
1755067694774,-0.165344,0.160402,9.351368
1755067694775,-0.169356,0.156389,9.367927
1755067694777,-0.175495,0.174556,9.339235
1755067694780,-0.186231,0.181701,9.34207
1755067694781,-0.181337,0.181088,9.356952
1755067694783,-0.166454,0.179096,9.329774
1755067694785,-0.180868,0.179508,9.327494
1755067694787,-0.189889,0.181174,9.350737
1755067694790,-0.184286,0.176089,9.338909
1755067694792,-0.159636,0.175888,9.3355
1755067694796,-0.173091,0.174365,9.33753
1755067694797,-0.172948,0.179575,9.345785
1755067694798,-0.158333,0.180484,9.345489
1755067694799,-0.173666,0.182275,9.337855
1755067694801,-0.17786,0.180082,9.338909
1755067694803,-0.178856,0.177592,9.348629
1755067694805,-0.183539,0.168743,9.34679
1755067694807,-0.170333,0.16406,9.341782
1755067694810,-0.175303,0.175706,9.351274
1755067694811,-0.179948,0.181739,9.354117
1755067694813,-0.170601,0.186748,9.353016
1755067694815,-0.166177,0.179527,9.355764
1755067694817,-0.175543,0.176424,9.350163
1755067694819,-0.17969,0.166665,9.344934
1755067694821,-0.181433,0.174317,9.347221
1755067694823,-0.185895,0.174604,9.337654
1755067694825,-0.170161,0.157644,9.344004
1755067694827,-0.165746,0.162346,9.345413
1755067694829,-0.164759,0.162317,9.345824
1755067694831,-0.165516,0.160967,9.340891
1755067694833,-0.155499,0.165449,9.350478
1755067694835,-0.160555,0.156763,9.343352
1755067694837,-0.169481,0.15863,9.341697
1755067694839,-0.167431,0.162078,9.346359
1755067694841,-0.16949,0.173924,9.344934
1755067694843,-0.166426,0.16836,9.351206
1755067694845,-0.153727,0.185924,9.358706
1755067694847,-0.150308,0.192877,9.348899
1755067694849,-0.148737,0.176702,9.341218
1755067694851,-0.158985,0.18286,9.353332
1755067694853,-0.168399,0.18987,9.354308
1755067694855,-0.169691,0.188721,9.357901
1755067694857,-0.16021,0.175074,9.363378
1755067694859,-0.156475,0.176347,9.35426
1755067694861,-0.149264,0.177554,9.358245
1755067694863,-0.148948,0.175476,9.350995
1755067694865,-0.146123,0.174039,9.338602
1755067694867,-0.163687,0.176232,9.336582
1755067694869,-0.166282,0.170496,9.33821
1755067694871,-0.174106,0.172632,9.340499
1755067694873,-0.166962,0.167278,9.346484
1755067694875,-0.165803,0.169883,9.346829
1755067694878,-0.152894,0.163706,9.351015
1755067694879,-0.154646,0.16566,9.352834
1755067694881,-0.166167,0.172383,9.350527
1755067694883,-0.164711,0.168006,9.344511
1755067694885,-0.163227,0.152855,9.344924
1755067694887,-0.174164,0.15547,9.351552
1755067694889,-0.174805,0.157883,9.348179
1755067694892,-0.172268,0.153057,9.349128
1755067694893,-0.175648,0.162834,9.353783
1755067694895,-0.172354,0.173053,9.352757
1755067694897,-0.161944,0.178952,9.358312
1755067694899,-0.155805,0.17447,9.364173
1755067694901,-0.159818,0.15908,9.357594
1755067694903,-0.164817,0.16792,9.351694
1755067694905,-0.169241,0.174815,9.336831
1755067694907,-0.166914,0.173082,9.339437
1755067694909,-0.161455,0.168887,9.340156
1755067694911,-0.166589,0.168782,9.341236
1755067694913,-0.170534,0.177985,9.344809
1755067694915,-0.172497,0.174719,9.335558
1755067694917,-0.176951,0.169682,9.346724
1755067694919,-0.168169,0.163265,9.354692
1755067694921,-0.167087,0.151553,9.351121
1755067694923,-0.164568,0.14528,9.345259
1755067694926,-0.164194,0.155977,9.347078
1755067694927,-0.15706,0.160977,9.340806
1755067694929,-0.164127,0.165842,9.346715
1755067694931,-0.177947,0.155604,9.351292
1755067694933,-0.182582,0.159952,9.349789
1755067694935,-0.176242,0.16202,9.356426
1755067694937,-0.179852,0.16226,9.35699
1755067694939,-0.16158,0.173618,9.3534
1755067694941,-0.161034,0.180925,9.35726
1755067694943,-0.162202,0.16271,9.350947
1755067694945,-0.168676,0.154273,9.342222
1755067694947,-0.176692,0.155901,9.343296
1755067694949,-0.173963,0.157969,9.372075
1755067694951,-0.171645,0.161704,9.335443
1755067694953,-0.163141,0.173857,9.320627
1755067694955,-0.168351,0.174327,9.36288
1755067694957,-0.160191,0.177075,9.384543
1755067694960,-0.152137,0.167719,9.336888
1755067694961,-0.159923,0.176165,9.329974
1755067694963,-0.154426,0.176558,9.389781
1755067694965,-0.16203,0.176932,9.36537
1755067694967,-0.172402,0.183338,9.308532
1755067694969,-0.181768,0.19099,9.354731
1755067694971,-0.165296,0.181835,9.377993
1755067694973,-0.162049,0.176405,9.327714
1755067694975,-0.170458,0.177631,9.327283
1755067694978,-0.179565,0.174786,9.399905
1755067694980,-0.182448,0.191871,9.353745
1755067694981,-0.175552,0.19598,9.307766
1755067694983,-0.176453,0.185656,9.37598
1755067694985,-0.173944,0.183769,9.3751
1755067694987,-0.177631,0.17991,9.326499
1755067694989,-0.179153,0.180159,9.334446
1755067694991,-0.171712,0.171377,9.405641
1755067694995,-0.175543,0.174509,9.353064
1755067694996,-0.179182,0.1747,9.318463
1755067694997,-0.172545,0.181078,9.38623
1755067694999,-0.157337,0.177678,9.372648
1755067695001,-0.159061,0.183147,9.325464
1755067695003,-0.165909,0.181978,9.33459
1755067695006,-0.166703,0.180063,9.395671
1755067695007,-0.172028,0.175639,9.353935
1755067695009,-0.177535,0.172804,9.320723
1755067695011,-0.17923,0.192915,9.312755
1755067695013,-0.173225,0.190617,9.358465
1755067695015,-0.161264,0.185101,9.352182
1755067695017,-0.170324,0.175658,9.317822
1755067695019,-0.172354,0.159779,9.331429
1755067695021,-0.163514,0.163955,9.392712
1755067695023,-0.172497,0.166024,9.349299
1755067695025,-0.182266,0.176261,9.32217
1755067695028,-0.172766,0.173158,9.381708
1755067695030,-0.174748,0.177449,9.344971
1755067695031,-0.173321,0.176204,9.307566
1755067695033,-0.168619,0.164625,9.333661
1755067695035,-0.166579,0.174221,9.381192
1755067695037,-0.167221,0.177429,9.338278
1755067695039,-0.18059,0.183635,9.32443
1755067695041,-0.183233,0.179661,9.391419
1755067695043,-0.17492,0.17312,9.35885
1755067695046,-0.176951,0.16883,9.314278
1755067695047,-0.176328,0.154263,9.338489
1755067695050,-0.175792,0.159914,9.375963
1755067695051,-0.169931,0.179067,9.33481
1755067695053,-0.172612,0.182687,9.325156
1755067695055,-0.179852,0.173465,9.38844
1755067695057,-0.171664,0.188807,9.351627
1755067695059,-0.177334,0.180015,9.308091
1755067695062,-0.183817,0.175102,9.339608
1755067695063,-0.174853,0.163878,9.372888
1755067695065,-0.172277,0.156073,9.333823
1755067695067,-0.182409,0.151122,9.322063
1755067695069,-0.193011,0.155968,9.382981
1755067695071,-0.195175,0.169768,9.347183
1755067695073,-0.185522,0.170199,9.315187
1755067695075,-0.171693,0.173465,9.33866
1755067695077,-0.162222,0.184995,9.369785
1755067695080,-0.164453,0.190674,9.332119
1755067695082,-0.167125,0.178272,9.325416
1755067695083,-0.167393,0.166119,9.385645
1755067695085,-0.176089,0.168619,9.34569
1755067695087,-0.179603,0.174738,9.30971
1755067695089,-0.166215,0.173666,9.322801
1755067695091,-0.168973,0.174049,9.329543
1755067695093,-0.170075,0.166378,9.388765
1755067695096,-0.158563,0.169883,9.347499
1755067695097,-0.149504,0.173819,9.318262
1755067695099,-0.149168,0.177228,9.361645
1755067695101,-0.156638,0.174269,9.352517
1755067695103,-0.167039,0.16611,9.327963
1755067695105,-0.166703,0.154723,9.336046
1755067695107,-0.166148,0.151898,9.390692
1755067695109,-0.174336,0.158324,9.355199
1755067695111,-0.176673,0.172727,9.331058
1755067695114,-0.174834,0.170113,9.387311
1755067695115,-0.17471,0.171942,9.351148
1755067695117,-0.17357,0.164932,9.314747
1755067695119,-0.171779,0.173618,9.334293
1755067695121,-0.167211,0.180963,9.396974
1755067695123,-0.166081,0.178244,9.356616
1755067695125,-0.171798,0.183405,9.31537
1755067695127,-0.172497,0.182323,9.373396
1755067695130,-0.170199,0.168264,9.339906
1755067695131,-0.181203,0.175054,9.315149
1755067695133,-0.184459,0.18331,9.331948
1755067695135,-0.189621,0.17674,9.369852
1755067695137,-0.18467,0.174997,9.348017
1755067695139,-0.184143,0.171626,9.32326
1755067695142,-0.173532,0.155997,9.396629
1755067695143,-0.169404,0.160546,9.345709
1755067695145,-0.17356,0.175265,9.316308
1755067695147,-0.168973,0.17854,9.34569
1755067695149,-0.16021,0.182687,9.335691
1755067695151,-0.164893,0.189161,9.330089
1755067695153,-0.162308,0.178129,9.323233
1755067695155,-0.16044,0.170228,9.3878
1755067695157,-0.15547,0.169577,9.367267
1755067695159,-0.153765,0.186326,9.333297
1755067695161,-0.161226,0.184574,9.398438
1755067695164,-0.157874,0.178311,9.343085
1755067695165,-0.163687,0.174001,9.343371
1755067695167,-0.162097,0.177286,9.326996
1755067695170,-0.152817,0.164242,9.338258
1755067695171,-0.153708,0.167565,9.343946
1755067695173,-0.163399,0.178943,9.353111
1755067695175,-0.171319,0.169826,9.331775
1755067695177,-0.16904,0.170247,9.398879
1755067695179,-0.176654,0.15886,9.364337
1755067695182,-0.164932,0.153104,9.327676
1755067695183,-0.16044,0.148038,9.401485
1755067695186,-0.162672,0.165842,9.333442
1755067695187,-0.166914,0.185819,9.324677
1755067695189,-0.175074,0.178512,9.378576
1755067695191,-0.179651,0.17402,9.327934
1755067695193,-0.170764,0.182553,9.332694
1755067695195,-0.171961,0.176759,9.32941
1755067695197,-0.165918,0.167058,9.358714
1755067695200,-0.171224,0.17064,9.352451
1755067695202,-0.171741,0.173216,9.315313
1755067695203,-0.171731,0.168897,9.405584
1755067695205,-0.15727,0.175572,9.362248
1755067695207,-0.169328,0.174221,9.323777
1755067695209,-0.175351,0.159971,9.415907
1755067695212,-0.170812,0.15977,9.347538
1755067695213,-0.166905,0.179546,9.319766
1755067695216,-0.173503,0.167546,9.384974
1755067695217,-0.171358,0.166435,9.322111
1755067695219,-0.163562,0.17041,9.322475
1755067695221,-0.153507,0.168801,9.366846
1755067695223,-0.147291,0.165631,9.322609
1755067695225,-0.1428,0.169835,9.33233
1755067695227,-0.144284,0.171568,9.376883
1755067695229,-0.167489,0.17674,9.335863
1755067695232,-0.172124,0.174681,9.339906
1755067695234,-0.173331,0.17494,9.373366
1755067695235,-0.171952,0.179326,9.32916
1755067695237,-0.175418,0.182227,9.336725
1755067695239,-0.171205,0.182189,9.336649
1755067695241,-0.169845,0.18127,9.381889
1755067695243,-0.16226,0.189898,9.34546
1755067695245,-0.161743,0.190655,9.346562
1755067695247,-0.160421,0.179441,9.39095
1755067695250,-0.16723,0.176338,9.350038
1755067695251,-0.170687,0.174518,9.342759
1755067695253,-0.177707,0.173484,9.377026
1755067695255,-0.174183,0.168868,9.35088
1755067695257,-0.170209,0.169538,9.347835
1755067695259,-0.171664,0.160833,9.365503
1755067695261,-0.163083,0.155317,9.346964
1755067695263,-0.169299,0.161082,9.3441
1755067695266,-0.179421,0.174777,9.354097
1755067695267,-0.177391,0.172555,9.352077
1755067695269,-0.16994,0.173838,9.34408
1755067695272,-0.176797,0.183798,9.350028
1755067695273,-0.182113,0.184909,9.348133
1755067695275,-0.176462,0.169375,9.350947
1755067695277,-0.164616,0.174403,9.351933
1755067695279,-0.161513,0.180341,9.34048
1755067695282,-0.160526,0.175619,9.351321
1755067695285,-0.165152,0.175438,9.35133
1755067695286,-0.162461,0.163936,9.343554
1755067695288,-0.163514,0.157299,9.344665
1755067695289,-0.170956,0.168695,9.343938
1755067695291,-0.171042,0.172373,9.360974
1755067695294,-0.161408,0.169509,9.356589
1755067695295,-0.153746,0.169835,9.351541
1755067695297,-0.162471,0.178703,9.347768
1755067695299,-0.150069,0.172497,9.345413
1755067695302,-0.164051,0.176395,9.349118
1755067695303,-0.170946,0.172038,9.345174
1755067695305,-0.163007,0.171674,9.349309
1755067695307,-0.167585,0.173781,9.359106
1755067695310,-0.172967,0.176864,9.347662
1755067695312,-0.175141,0.158008,9.345125
1755067695314,-0.175907,0.156542,9.349732
1755067695315,-0.175878,0.167393,9.355343
1755067695318,-0.183693,0.16928,9.352326
1755067695319,-0.175064,0.170266,9.358829
1755067695321,-0.161197,0.164683,9.354156
1755067695323,-0.164673,0.165717,9.352461
1755067695325,-0.158764,0.175361,9.350228
1755067695327,-0.161408,0.174365,9.352556
1755067695329,-0.158889,0.175045,9.357134
1755067695331,-0.154723,0.175303,9.360831
1755067695333,-0.157165,0.172363,9.348074
1755067695336,-0.155384,0.170065,9.357507
1755067695337,-0.156619,0.168743,9.343737
1755067695339,-0.15772,0.169893,9.345593
1755067695341,-0.161015,0.167288,9.352481
1755067695343,-0.163591,0.166253,9.356627
1755067695345,-0.167115,0.156772,9.357163
1755067695347,-0.169816,0.162394,9.356962
1755067695349,-0.173924,0.164137,9.35477
1755067695352,-0.163486,0.158285,9.355975
1755067695354,-0.158515,0.166914,9.348122
1755067695355,-0.167805,0.166885,9.339465
1755067695357,-0.151706,0.172086,9.347194
1755067695359,-0.157797,0.179441,9.350422
1755067695361,-0.165995,0.176845,9.351226
1755067695363,-0.18286,0.178473,9.352384
1755067695365,-0.180197,0.182055,9.360591
1755067695367,-0.17652,0.184459,9.35337
1755067695369,-0.166148,0.174135,9.346647
1755067695372,-0.170869,0.166014,9.352737
1755067695374,-0.173129,0.162988,9.353907
1755067695375,-0.170515,0.172105,9.350527
1755067695377,-0.182898,0.177698,9.353897
1755067695380,-0.176108,0.184842,9.346982
1755067695381,-0.161072,0.179718,9.346494
1755067695383,-0.153133,0.172555,9.339646
1755067695385,-0.157318,0.175696,9.346494
1755067695387,-0.158218,0.184603,9.351368
1755067695389,-0.166311,0.191852,9.347749
1755067695391,-0.163055,0.180216,9.345326
1755067695393,-0.159013,0.186422,9.353753
1755067695395,-0.168801,0.1833,9.357286
1755067695397,-0.163256,0.175734,9.355103
1755067695399,-0.169634,0.165104,9.361338
1755067695402,-0.177487,0.181509,9.358685
1755067695403,-0.190492,0.186221,9.356789
1755067695405,-0.176252,0.180504,9.357526
1755067695407,-0.165956,0.17583,9.343371
1755067695409,-0.15546,0.165583,9.348199
1755067695411,-0.151237,0.163524,9.347672
1755067695413,-0.148182,0.169385,9.346954
1755067695415,-0.150308,0.168916,9.355476
1755067695417,-0.150471,0.165372,9.353916
1755067695419,-0.163716,0.16068,9.340031
1755067695421,-0.171339,0.157625,9.349463
1755067695423,-0.177372,0.166732,9.348725
1755067695426,-0.171023,0.170036,9.357182
1755067695427,-0.169816,0.173043,9.362411
1755067695430,-0.175323,0.175983,9.350391
1755067695431,-0.181557,0.181212,9.343841
1755067695433,-0.176615,0.172756,9.342577
1755067695435,-0.152501,0.181806,9.334917
1755067695438,-0.146018,0.190119,9.340412
1755067695439,-0.147339,0.184296,9.348285
1755067695442,-0.165985,0.178732,9.34339
1755067695444,-0.180207,0.177832,9.34592
1755067695445,-0.175246,0.175275,9.357661
1755067695447,-0.163447,0.175064,9.344406
1755067695449,-0.17742,0.17311,9.343151
1755067695451,-0.185848,0.184928,9.345078
1755067695455,-0.181241,0.187284,9.344444
1755067695456,-0.174097,0.191048,9.342663
1755067695457,-0.172785,0.187303,9.345863
1755067695459,-0.178196,0.17583,9.347672
1755067695461,-0.178933,0.176922,9.351762
1755067695463,-0.175936,0.17243,9.353437
1755067695465,-0.188462,0.18352,9.348936
1755067695467,-0.181279,0.180628,9.354021
1755067695469,-0.164884,0.180504,9.350364
1755067695472,-0.154349,0.175619,9.351493
1755067695473,-0.148019,0.17832,9.352144
1755067695475,-0.139879,0.177295,9.359931
1755067695477,-0.13941,0.170458,9.355027
1755067695479,-0.146506,0.166378,9.353753
1755067695481,-0.166627,0.165889,9.353601
1755067695483,-0.174738,0.165123,9.350172
1755067695485,-0.17063,0.172871,9.345881
1755067695488,-0.166138,0.173407,9.352298
1755067695489,-0.149475,0.171885,9.355697
1755067695491,-0.150739,0.166751,9.354521
1755067695493,-0.15841,0.167709,9.350124
1755067695495,-0.159099,0.165889,9.345958
1755067695497,-0.157289,0.162767,9.342089
1755067695499,-0.151132,0.162145,9.33957
1755067695501,-0.145998,0.167173,9.348649
1755067695503,-0.153813,0.184497,9.353294
1755067695506,-0.159329,0.177295,9.357105
1755067695509,-0.164376,0.181394,9.355007
1755067695510,-0.166292,0.175102,9.356186
1755067695512,-0.157471,0.180054,9.355151
1755067695513,-0.159779,0.184775,9.349299
1755067695515,-0.15297,0.170668,9.351694
1755067695517,-0.146449,0.164501,9.348104
1755067695519,-0.144035,0.174078,9.339521
1755067695522,-0.154943,0.177774,9.340431
1755067695523,-0.174221,0.172794,9.343458
1755067695525,-0.174987,0.171511,9.345086
1755067695527,-0.174269,0.179738,9.345873
1755067695529,-0.164137,0.183003,9.346457
1755067695531,-0.155211,0.166799,9.353227
1755067695533,-0.164951,0.168207,9.353485
1755067695535,-0.155144,0.167862,9.351608
1755067695538,-0.148603,0.17177,9.351206
1755067695540,-0.158716,0.164893,9.338871
1755067695541,-0.168322,0.167977,9.346809
1755067695543,-0.171061,0.173972,9.358456
1755067695545,-0.162442,0.177142,9.359269
1755067695547,-0.1584,0.184306,9.352854
1755067695550,-0.158736,0.185072,9.350545
1755067695551,-0.171923,0.185915,9.352987
1755067695553,-0.1695,0.189238,9.348438
1755067695556,-0.158429,0.180484,9.347959
1755067695558,-0.1661,0.176022,9.348333
1755067695559,-0.167489,0.178923,9.350497
1755067695561,-0.168973,0.182419,9.360495
1755067695563,-0.158458,0.180753,9.363674
1755067695565,-0.160517,0.183386,9.357345
1755067695567,-0.163773,0.174987,9.351292
1755067695570,-0.165248,0.175572,9.348343
1755067695571,-0.168207,0.186164,9.350564
1755067695573,-0.154656,0.181538,9.344685
1755067695575,-0.154809,0.179211,9.349204
1755067695577,-0.161637,0.175016,9.361482
1755067695579,-0.168284,0.183252,9.360811
1755067695581,-0.17358,0.18239,9.357891
1755067695583,-0.178301,0.177784,9.351129
1755067695585,-0.176003,0.176204,9.351972
1755067695587,-0.177353,0.178847,9.345183
1755067695590,-0.169893,0.168217,9.340776
1755067695592,-0.167546,0.184105,9.338986
1755067695593,-0.164491,0.188117,9.346103
1755067695595,-0.163457,0.174365,9.350746
1755067695597,-0.17537,0.172076,9.353246
1755067695599,-0.179421,0.176855,9.356435
1755067695601,-0.163917,0.182678,9.350412
1755067695603,-0.171387,0.19281,9.354385
1755067695605,-0.168389,0.190377,9.352671
1755067695608,-0.16678,0.189247,9.359825
1755067695609,-0.165612,0.176548,9.360074
1755067695612,-0.165209,0.178224,9.362048
1755067695614,-0.162978,0.183559,9.366203
1755067695615,-0.152061,0.177899,9.350593
1755067695617,-0.146621,0.174145,9.351828
1755067695619,-0.147971,0.172153,9.352068
1755067695621,-0.153171,0.172612,9.354032
1755067695624,-0.17244,0.169107,9.350535
1755067695625,-0.175351,0.164089,9.348133
1755067695627,-0.172306,0.16202,9.350238
1755067695629,-0.171597,0.167805,9.354396
1755067695631,-0.175888,0.172019,9.353188
1755067695633,-0.177995,0.172699,9.35654
1755067695635,-0.169577,0.177544,9.356894
1755067695637,-0.171779,0.17017,9.349319
1755067695639,-0.17131,0.162844,9.342989
1755067695642,-0.166742,0.178694,9.344511
1755067695643,-0.166991,0.185436,9.34319
1755067695646,-0.173551,0.179469,9.344148
1755067695647,-0.170142,0.173359,9.349424
1755067695649,-0.175447,0.168782,9.349473
1755067695651,-0.172766,0.166818,9.351637
1755067695653,-0.174748,0.168197,9.351388
1755067695655,-0.181978,0.164558,9.338947
1755067695658,-0.177497,0.160412,9.334934
1755067695659,-0.166598,0.162442,9.34408
1755067695661,-0.171425,0.172842,9.344837
1755067695663,-0.174422,0.176577,9.340585
1755067695665,-0.165439,0.173599,9.334685
1755067695667,-0.162834,0.17675,9.343563
1755067695669,-0.164779,0.170046,9.349989
1755067695671,-0.163007,0.189563,9.355736
1755067695673,-0.165257,0.197502,9.359241
1755067695676,-0.160814,0.178196,9.347949
1755067695678,-0.163055,0.164261,9.348372
1755067695679,-0.159013,0.174882,9.347558
1755067695681,-0.172775,0.181327,9.346705
1755067695683,-0.172526,0.177324,9.349348
1755067695685,-0.165985,0.179172,9.349522
1755067695687,-0.167259,0.185225,9.35249
1755067695689,-0.157069,0.176003,9.350286
1755067695693,-0.161992,0.170438,9.341467
1755067695694,-0.163131,0.1729,9.352278
1755067695696,-0.15886,0.163917,9.347499
1755067695697,-0.158352,0.162442,9.342423
1755067695699,-0.149484,0.156993,9.340212
1755067695701,-0.16272,0.160795,9.345057
1755067695703,-0.173407,0.16611,9.355467
1755067695705,-0.165966,0.173158,9.354184
1755067695707,-0.174432,0.174844,9.350431
1755067695709,-0.182218,0.181155,9.350746
1755067695712,-0.174805,0.17245,9.343497
1755067695714,-0.165631,0.167058,9.340508
1755067695715,-0.176003,0.172134,9.340959
1755067695717,-0.179144,0.17697,9.347097
1755067695719,-0.176453,0.173187,9.352326
1755067695721,-0.183348,0.1738,9.360285
1755067695723,-0.181883,0.176788,9.358072
1755067695726,-0.179268,0.166129,9.351588
1755067695727,-0.177851,0.170592,9.348802
1755067695730,-0.174556,0.178081,9.349424
1755067695731,-0.175083,0.175562,9.352824
1755067695733,-0.17062,0.172507,9.355276
1755067695735,-0.166378,0.174374,9.353954
1755067695737,-0.163495,0.18218,9.361051
1755067695739,-0.164568,0.179345,9.357966
1755067695741,-0.175514,0.174145,9.352012
1755067695743,-0.183654,0.172833,9.360447
1755067695746,-0.182409,0.173752,9.351158
1755067695747,-0.16904,0.171023,9.343802
1755067695749,-0.1695,0.171588,9.345508
1755067695751,-0.174959,0.169988,9.353763
1755067695753,-0.171607,0.184047,9.355027
1755067695755,-0.165918,0.177152,9.349913
1755067695757,-0.164405,0.16836,9.346389
1755067695760,-0.175438,0.170161,9.346313
1755067695761,-0.173522,0.169605,9.358656
1755067695763,-0.166598,0.169328,9.34319
1755067695765,-0.178684,0.159071,9.343575
1755067695767,-0.182007,0.1686,9.342435
1755067695769,-0.164453,0.162557,9.342567
1755067695771,-0.163064,0.155384,9.344866
1755067695773,-0.158879,0.164702,9.348823
1755067695775,-0.160833,0.155594,9.347337
1755067695778,-0.16813,0.157835,9.34274
1755067695779,-0.175868,0.164146,9.344655
1755067695781,-0.187964,0.173953,9.340959
1755067695783,-0.18127,0.169988,9.343209
1755067695785,-0.179508,0.169567,9.350977
1755067695787,-0.162595,0.177037,9.349664
1755067695789,-0.14913,0.173043,9.349989
1755067695791,-0.152013,0.178186,9.351876
1755067695794,-0.163064,0.183539,9.352692
1755067695795,-0.165784,0.177975,9.350286
1755067695797,-0.157155,0.173991,9.34592
1755067695800,-0.155202,0.17154,9.354932
1755067695801,-0.160201,0.179469,9.366377
1755067695803,-0.156983,0.18126,9.365782
1755067695805,-0.154924,0.181088,9.36335
1755067695807,-0.158103,0.172478,9.350172
1755067695809,-0.160603,0.166924,9.34385
1755067695812,-0.16271,0.175054,9.343994
1755067695813,-0.153018,0.175878,9.350899
1755067695815,-0.168791,0.177889,9.340288
1755067695817,-0.179058,0.17584,9.322111
1755067695819,-0.174528,0.176568,9.330395
1755067695821,-0.168858,0.185263,9.3432
1755067695823,-0.16451,0.186116,9.341141
1755067695825,-0.162652,0.180149,9.348927
1755067695828,-0.169921,0.183271,9.354912
1755067695829,-0.172603,0.181375,9.34453
1755067695832,-0.173024,0.178119,9.343143
1755067695833,-0.180695,0.17492,9.345143
1755067695835,-0.183568,0.174767,9.346925
1755067695837,-0.179613,0.186911,9.347845
1755067695839,-0.18262,0.185244,9.358762
1755067695841,-0.18171,0.168983,9.358436
1755067695843,-0.173733,0.169615,9.353514
1755067695846,-0.16883,0.169088,9.354807
1755067695847,-0.16996,0.16565,9.349674
1755067695849,-0.153018,0.168494,9.350076
1755067695851,-0.166464,0.168092,9.3554
1755067695854,-0.168648,0.158764,9.359796
1755067695855,-0.165363,0.159463,9.353907
1755067695857,-0.160287,0.16883,9.346005
1755067695859,-0.156753,0.168571,9.350527
1755067695862,-0.160977,0.168102,9.354874
1755067695864,-0.173695,0.171252,9.35494
1755067695865,-0.169902,0.181557,9.351302
1755067695867,-0.17131,0.190416,9.362401
1755067695869,-0.17266,0.191124,9.362075
1755067695871,-0.173982,0.182725,9.356215
1755067695873,-0.172488,0.178761,9.350977
1755067695875,-0.160536,0.18308,9.350353
1755067695877,-0.16883,0.185982,9.348994
1755067695879,-0.177161,0.183616,9.357871
1755067695882,-0.183099,0.176826,9.365351
1755067695883,-0.188127,0.187341,9.367717
1755067695885,-0.176673,0.200136,9.368587
1755067695887,-0.17244,0.192446,9.357891
1755067695889,-0.163543,0.187715,9.352221
1755067695891,-0.179182,0.187772,9.350574
1755067695893,-0.177669,0.170592,9.351072
1755067695896,-0.175514,0.161791,9.346925
1755067695897,-0.167307,0.17426,9.348736
1755067695899,-0.166177,0.177104,9.343525
1755067695901,-0.161982,0.168992,9.337578
1755067695903,-0.155594,0.169433,9.325636
1755067695905,-0.159004,0.180475,9.323031
1755067695907,-0.159674,0.175964,9.335988
1755067695909,-0.157366,0.175495,9.353935
1755067695911,-0.173398,0.183176,9.349529
1755067695914,-0.170122,0.176434,9.360582
1755067695915,-0.169548,0.174001,9.364384
1755067695917,-0.18126,0.179211,9.354117
1755067695919,-0.185915,0.18828,9.350458
1755067695921,-0.169682,0.188337,9.342271
1755067695923,-0.165976,0.180034,9.346733
1755067695925,-0.172746,0.167661,9.356819
1755067695927,-0.170889,0.159301,9.350872
1755067695930,-0.171367,0.156418,9.350258
1755067695932,-0.167431,0.170505,9.356904
1755067695933,-0.167786,0.166589,9.352029
1755067695935,-0.17494,0.17041,9.343918
1755067695937,-0.175438,0.171616,9.333787
1755067695939,-0.158525,0.167872,9.332234
1755067695941,-0.157845,0.171051,9.336267
1755067695943,-0.149245,0.161733,9.343966
1755067695945,-0.154771,0.156734,9.357421
1755067695947,-0.161848,0.160239,9.35767
1755067695950,-0.158764,0.164328,9.359539
1755067695951,-0.165765,0.166502,9.350391
1755067695953,-0.178272,0.181988,9.347959
1755067695955,-0.181557,0.187217,9.360784
1755067695957,-0.174652,0.181854,9.346982
1755067695959,-0.176012,0.176558,9.35657
1755067695961,-0.170889,0.165947,9.352038
1755067695963,-0.178885,0.158783,9.334054
1755067695965,-0.160507,0.164405,9.370071
1755067695967,-0.15501,0.173043,9.376804
1755067695969,-0.156581,0.174317,9.355103
1755067695971,-0.16113,0.181921,9.342645
1755067695973,-0.16973,0.187428,9.34543
1755067695975,-0.183788,0.190971,9.327303
1755067695977,-0.180609,0.184459,9.368367
1755067695979,-0.175792,0.176252,9.330501
1755067695982,-0.1729,0.178253,9.347242
1755067695983,-0.170142,0.166617,9.382274
1755067695985,-0.1781,0.163907,9.374085
1755067695987,-0.181231,0.164118,9.371088
1755067695990,-0.179556,0.173331,9.363197
1755067695992,-0.175035,0.170046,9.368675
1755067695993,-0.174614,0.166636,9.366778
1755067695995,-0.179067,0.158793,9.320312
1755067695998,-0.177372,0.167058,9.402241
1755067695999,-0.173666,0.171473,9.356435
1755067696001,-0.155527,0.169222,9.3133
1755067696003,-0.161963,0.1627,9.317763
1755067696005,-0.160402,0.195223,9.310256
1755067696007,-0.163955,0.192369,9.385883
1755067696009,-0.168015,0.187006,9.351187
1755067696011,-0.168667,0.178205,9.410603
1755067696013,-0.18216,0.18172,9.352384
1755067696015,-0.177104,0.181212,9.29929
1755067696017,-0.157203,0.189286,9.278987
1755067696019,-0.160488,0.172555,9.335443
1755067696022,-0.16566,0.185464,9.320704
1755067696023,-0.17651,0.176807,9.410544
1755067696025,-0.179565,0.163897,9.444005
1755067696027,-0.178818,0.15478,9.400019
1755067696029,-0.162652,0.162432,9.287579
1755067696033,-0.153918,0.175208,9.339052
1755067696033,-0.15864,0.17787,9.336516
1755067696035,-0.161724,0.173781,9.283699
1755067696037,-0.176108,0.184459,9.412679
1755067696039,-0.187686,0.177286,9.42783
1755067696041,-0.185646,0.17877,9.305122
1755067696043,-0.183587,0.184478,9.392071
1755067696045,-0.182409,0.187533,9.359031
1755067696047,-0.19031,0.182515,9.274591
1755067696050,-0.177746,0.177899,9.388392
1755067696051,-0.179287,0.18557,9.415543
1755067696053,-0.176098,0.183185,9.357996
1755067696055,-0.156514,0.181078,9.31307
1755067696057,-0.159119,0.171875,9.374707
1755067696059,-0.171885,0.170544,9.300804
1755067696061,-0.169079,0.178847,9.36335
1755067696063,-0.165315,0.176951,9.406617
1755067696066,-0.18036,0.175734,9.35726
1755067696067,-0.18759,0.181069,9.295612
1755067696070,-0.178033,0.169462,9.375521
1755067696071,-0.173465,0.174547,9.335108
1755067696073,-0.172124,0.175246,9.277532
1755067696075,-0.170046,0.173446,9.380137
1755067696077,-0.18467,0.165344,9.408083
1755067696079,-0.18217,0.1713,9.28116
1755067696081,-0.16,0.173704,9.3398
1755067696083,-0.160775,0.166981,9.392395
1755067696085,-0.162863,0.171406,9.313617
1755067696087,-0.164032,0.166301,9.339926
1755067696089,-0.159636,0.175275,9.377532
1755067696091,-0.162413,0.171923,9.396264
1755067696093,-0.168657,0.175323,9.274487
1755067696095,-0.157979,0.185359,9.320225
1755067696097,-0.168437,0.190033,9.426766
1755067696100,-0.163064,0.17244,9.344733
1755067696102,-0.167125,0.180255,9.289684
1755067696103,-0.1523,0.177343,9.406473
1755067696105,-0.152884,0.176797,9.350315
1755067696107,-0.153938,0.179508,9.28412
1755067696109,-0.164012,0.175773,9.379764
1755067696111,-0.167422,0.172009,9.380664
1755067696113,-0.16519,0.165286,9.358196
1755067696115,-0.167058,0.164405,9.291705
1755067696118,-0.171042,0.168303,9.3753
1755067696119,-0.182381,0.170362,9.352404
1755067696121,-0.173809,0.180245,9.293257
1755067696123,-0.164089,0.180542,9.384112
1755067696125,-0.155183,0.164051,9.408245
1755067696127,-0.158678,0.166522,9.287185
1755067696129,-0.15501,0.190301,9.351215
1755067696131,-0.162097,0.182946,9.381458
1755067696135,-0.168695,0.159435,9.308847
1755067696136,-0.168648,0.165257,9.350104
1755067696137,-0.161321,0.184277,9.367219
1755067696139,-0.157213,0.184871,9.312506
1755067696141,-0.155451,0.183961,9.335271
1755067696143,-0.166914,0.173034,9.380453
1755067696145,-0.171885,0.160143,9.327226
1755067696147,-0.163591,0.155144,9.369
1755067696149,-0.167067,0.155278,9.354912
1755067696151,-0.161714,0.169854,9.373999
1755067696153,-0.165123,0.173656,9.300467
1755067696155,-0.16315,0.18602,9.331095
1755067696157,-0.160593,0.190847,9.401915
1755067696159,-0.149695,0.186355,9.329686
1755067696161,-0.153133,0.188845,9.347759
1755067696163,-0.1498,0.173627,9.417181
1755067696165,-0.138931,0.18013,9.300631
1755067696167,-0.138576,0.183223,9.3559
1755067696169,-0.155968,0.169835,9.383078
1755067696171,-0.156361,0.176529,9.319918
1755067696175,-0.159071,0.176462,9.381288
1755067696176,-0.150423,0.168772,9.335988
1755067696177,-0.150116,0.177784,9.364019
1755067696179,-0.15728,0.187897,9.317955
1755067696181,-0.154809,0.178751,9.352261
1755067696183,-0.169299,0.164367,9.354222
1755067696186,-0.166138,0.148067,9.318003
1755067696187,-0.183022,0.166895,9.391764
1755067696189,-0.191325,0.154732,9.329084
1755067696191,-0.181212,0.168887,9.326191
1755067696193,-0.175792,0.167795,9.39753
1755067696195,-0.183396,0.177372,9.278412
1755067696197,-0.182467,0.190655,9.394599
1755067696200,-0.176098,0.186738,9.346657
1755067696202,-0.167814,0.197464,9.306042
1755067696204,-0.173953,0.192925,9.398046
1755067696205,-0.176232,0.185972,9.304969
1755067696207,-0.168351,0.180887,9.385366
1755067696209,-0.165334,0.172785,9.345345
1755067696211,-0.165506,0.184286,9.366902
1755067696214,-0.16294,0.185407,9.363943
1755067696215,-0.154723,0.182725,9.358839
1755067696217,-0.156226,0.194993,9.306626
1755067696219,-0.15887,0.181021,9.420639
1755067696221,-0.149207,0.16632,9.296101
1755067696223,-0.154551,0.155384,9.396849
1755067696225,-0.155537,0.143863,9.344436
1755067696227,-0.156983,0.154043,9.341083
1755067696229,-0.155776,0.16204,9.36854
1755067696232,-0.149398,0.162049,9.319535
1755067696234,-0.155891,0.168102,9.358552
1755067696235,-0.156629,0.162605,9.337722
1755067696238,-0.172651,0.171521,9.336036
1755067696239,-0.171329,0.172517,9.357566
1755067696241,-0.173589,0.182208,9.340786
1755067696243,-0.177037,0.177755,9.376392
1755067696245,-0.178962,0.178588,9.334159
1755067696247,-0.180877,0.165842,9.378855
1755067696249,-0.174949,0.172143,9.326134
1755067696251,-0.16045,0.187121,9.37783
1755067696254,-0.160814,0.202138,9.340395
1755067696255,-0.158534,0.212232,9.361136
1755067696257,-0.172861,0.187696,9.360371
1755067696259,-0.166866,0.187083,9.322217
1755067696261,-0.178224,0.182611,9.381028
1755067696263,-0.170103,0.173311,9.294809
1755067696265,-0.16204,0.173225,9.383738
1755067696267,-0.155432,0.168877,9.310985
1755067696269,-0.149618,0.165698,9.370532
1755067696274,-0.15569,0.173857,9.336841
1755067696275,-0.157385,0.169308,9.342205
1755067696276,-0.159195,0.167786,9.36132
1755067696277,-0.166914,0.18352,9.327771
1755067696279,-0.17447,0.184966,9.367046
1755067696281,-0.181423,0.188462,9.33617
1755067696284,-0.17175,0.185934,9.362084
1755067696285,-0.158611,0.177918,9.355861
1755067696287,-0.169031,0.180753,9.337319
1755067696289,-0.16973,0.173024,9.362927
1755067696291,-0.167498,0.167719,9.32849
1755067696293,-0.170975,0.154809,9.383336
1755067696295,-0.156562,0.160546,9.31489
1755067696297,-0.16271,0.174499,9.382963
1755067696299,-0.159119,0.189104,9.322083
1755067696301,-0.157625,0.180188,9.381288
1755067696303,-0.155365,0.177975,9.335319
1755067696305,-0.149331,0.18512,9.373175
1755067696307,-0.169835,0.192791,9.338162
1755067696309,-0.161417,0.192427,9.349674
1755067696311,-0.165114,0.178071,9.343151
1755067696313,-0.168102,0.173407,9.344579
1755067696315,-0.17538,0.176692,9.358475
1755067696318,-0.166273,0.176376,9.338372
1755067696319,-0.166732,0.177746,9.342912
1755067696322,-0.170017,0.170496,9.342788
1755067696323,-0.170687,0.172354,9.343047
1755067696325,-0.169567,0.174738,9.355985
1755067696327,-0.175974,0.177123,9.343994
1755067696329,-0.176874,0.177315,9.375215
1755067696331,-0.183262,0.178742,9.352633
1755067696334,-0.168054,0.168542,9.384304
1755067696335,-0.181567,0.166761,9.340336
1755067696337,-0.175332,0.16112,9.356062
1755067696340,-0.165832,0.163783,9.332751
1755067696341,-0.159961,0.15615,9.349789
1755067696343,-0.173244,0.176472,9.339877
1755067696345,-0.18059,0.176539,9.359835
1755067696347,-0.182017,0.184928,9.326853
1755067696350,-0.184679,0.174556,9.37128
1755067696352,-0.176577,0.179527,9.331266
1755067696354,-0.174949,0.172536,9.367879
1755067696356,-0.174566,0.177717,9.339732
1755067696358,-0.172651,0.172852,9.349367
1755067696359,-0.175007,0.172478,9.351244
1755067696361,-0.172948,0.173838,9.341677
1755067696363,-0.172756,0.181471,9.354291
1755067696365,-0.163055,0.170764,9.362669
1755067696367,-0.163189,0.172239,9.329869
1755067696369,-0.163974,0.172861,9.351924
1755067696371,-0.166052,0.168897,9.342529
1755067696374,-0.168025,0.16701,9.366769
1755067696375,-0.171473,0.175054,9.358465
1755067696377,-0.16339,0.184085,9.360562
1755067696379,-0.172172,0.192178,9.362411
1755067696382,-0.164367,0.187839,9.349396
1755067696383,-0.161896,0.187887,9.364901
1755067696385,-0.164807,0.169347,9.356512
1755067696387,-0.168197,0.161206,9.351579
1755067696390,-0.1815,0.164577,9.351943
1755067696392,-0.175533,0.173197,9.352442
1755067696393,-0.169184,0.167881,9.352517
1755067696395,-0.172651,0.167039,9.341305
1755067696398,-0.171118,0.175265,9.358665
1755067696399,-0.175332,0.178349,9.350008
1755067696401,-0.167891,0.174269,9.351732
1755067696403,-0.161513,0.161963,9.339455
1755067696405,-0.167029,0.161264,9.348535
1755067696407,-0.156303,0.167297,9.350066
1755067696409,-0.159684,0.167843,9.34521
1755067696411,-0.167642,0.175438,9.351598
1755067696413,-0.171099,0.181538,9.353159
1755067696415,-0.167144,0.173139,9.349645
1755067696417,-0.166905,0.166828,9.35587
1755067696419,-0.176922,0.158697,9.357211
1755067696421,-0.175811,0.163055,9.349539
1755067696423,-0.162336,0.164242,9.358006
1755067696425,-0.161858,0.170304,9.353581
1755067696427,-0.166522,0.172526,9.362764
1755067696429,-0.164348,0.164041,9.353236
1755067696431,-0.166407,0.165861,9.351818
1755067696433,-0.170697,0.169289,9.351531
1755067696435,-0.171214,0.177937,9.3459
1755067696437,-0.174317,0.172881,9.343707
1755067696439,-0.179211,0.176194,9.347653
1755067696441,-0.181787,0.185101,9.353456
1755067696443,-0.181117,0.179728,9.353006
1755067696445,-0.169931,0.168782,9.358168
1755067696447,-0.173838,0.172306,9.342731
1755067696449,-0.167201,0.174796,9.366577
1755067696452,-0.165631,0.180168,9.34048
1755067696453,-0.166627,0.169634,9.358321
1755067696455,-0.166684,0.175543,9.360686
1755067696458,-0.164482,0.172852,9.334264
1755067696459,-0.165305,0.162614,9.324526
1755067696461,-0.168475,0.16067,9.344243
1755067696463,-0.164989,0.166742,9.345183
1755067696465,-0.167393,0.177707,9.331248
1755067696467,-0.174058,0.17878,9.340395
1755067696469,-0.170419,0.182496,9.344205
1755067696471,-0.170477,0.176644,9.348639
1755067696473,-0.169347,0.176204,9.352326
1755067696476,-0.167268,0.17584,9.349003
1755067696477,-0.170458,0.169232,9.351368
1755067696479,-0.164549,0.164884,9.361473
1755067696481,-0.16633,0.166799,9.343737
1755067696483,-0.174221,0.172574,9.351791
1755067696485,-0.169366,0.186939,9.351598
1755067696487,-0.172603,0.183262,9.346925
1755067696489,-0.170046,0.181078,9.349043
1755067696492,-0.178301,0.186805,9.352155
1755067696494,-0.18194,0.186776,9.358629
1755067696496,-0.185531,0.195003,9.356866
1755067696497,-0.191613,0.191345,9.364105
1755067696499,-0.192877,0.182735,9.354376
1755067696501,-0.184449,0.178742,9.357574
1755067696503,-0.187571,0.16496,9.348899
1755067696505,-0.185426,0.16112,9.350794
1755067696507,-0.165573,0.161455,9.351857
1755067696509,-0.1738,0.168245,9.356339
1755067696511,-0.180638,0.163648,9.352498
1755067696513,-0.172335,0.162873,9.353045
1755067696515,-0.164549,0.178943,9.363866
1755067696517,-0.162547,0.17605,9.360744
1755067696519,-0.170075,0.182227,9.364834
1755067696521,-0.168619,0.182697,9.354127
1755067696523,-0.162997,0.188912,9.343497
1755067696526,-0.164855,0.192561,9.342501
1755067696527,-0.170946,0.183645,9.33709
1755067696529,-0.176864,0.174442,9.339581
1755067696531,-0.175256,0.17855,9.343085
1755067696533,-0.179623,0.183626,9.354414
1755067696535,-0.17244,0.171252,9.364241
1755067696537,-0.171875,0.165305,9.369459
1755067696539,-0.174154,0.176232,9.354175
1755067696541,-0.175256,0.178607,9.350383
1755067696543,-0.172383,0.172766,9.354136
1755067696545,-0.164434,0.166972,9.346868
1755067696547,-0.147272,0.161273,9.342615
1755067696550,-0.1394,0.166024,9.346129
1755067696551,-0.144591,0.185867,9.3545
1755067696553,-0.150289,0.18465,9.356856
1755067696555,-0.154685,0.183654,9.357729
1755067696557,-0.162978,0.182783,9.34861
1755067696560,-0.166292,0.173551,9.349214
1755067696561,-0.163237,0.168935,9.35609
1755067696563,-0.16385,0.171061,9.354635
1755067696565,-0.168188,0.172057,9.349789
1755067696567,-0.1661,0.169433,9.351445
1755067696569,-0.173944,0.159923,9.348056
1755067696571,-0.169136,0.163122,9.350986
1755067696573,-0.17583,0.177813,9.357049
1755067696575,-0.168801,0.182725,9.36446
1755067696577,-0.162988,0.175064,9.363684
1755067696580,-0.166598,0.176615,9.35812
1755067696581,-0.167125,0.177985,9.357985
1755067696583,-0.175524,0.189784,9.361175
1755067696585,-0.170879,0.19508,9.360686
1755067696587,-0.168303,0.192341,9.361855
1755067696589,-0.161867,0.189554,9.35568
1755067696591,-0.168159,0.184488,9.351358
1755067696595,-0.158669,0.16204,9.347375
1755067696596,-0.15751,0.165037,9.342241
1755067696597,-0.164051,0.165813,9.342098
1755067696600,-0.163572,0.155575,9.345747
1755067696601,-0.1557,0.153736,9.362228
1755067696603,-0.154934,0.15275,9.372102
1755067696605,-0.156705,0.15705,9.3606
1755067696607,-0.165344,0.154292,9.357028
1755067696609,-0.167853,0.166081,9.352317
1755067696612,-0.169126,0.171176,9.341073
1755067696616,-0.172833,0.173398,9.339725
1755067696617,-0.171511,0.16859,9.340365
1755067696618,-0.170094,0.161867,9.348409
1755067696619,-0.174633,0.153459,9.354059
1755067696621,-0.172948,0.169433,9.35749
1755067696623,-0.162988,0.182649,9.363972
1755067696625,-0.163265,0.174231,9.355823
1755067696628,-0.163534,0.169462,9.351541
1755067696629,-0.166445,0.160028,9.351483
1755067696631,-0.175754,0.163093,9.360065
1755067696633,-0.165746,0.171434,9.360132
1755067696635,-0.168466,0.173158,9.357976
1755067696637,-0.165602,0.172478,9.351992
1755067696639,-0.17062,0.174537,9.348228
1755067696641,-0.170496,0.17358,9.349626
1755067696643,-0.167393,0.178167,9.343535
1755067696645,-0.173149,0.175246,9.349443
1755067696647,-0.173618,0.181844,9.349234
1755067696649,-0.178923,0.176491,9.346427
1755067696651,-0.186776,0.176826,9.348467
1755067696653,-0.181758,0.184526,9.339052
1755067696655,-0.172517,0.180379,9.348725
1755067696657,-0.171578,0.178464,9.353841
1755067696659,-0.173656,0.180705,9.36129
1755067696662,-0.171482,0.185062,9.360255
1755067696664,-0.171023,0.183769,9.355583
1755067696665,-0.16994,0.177659,9.349923
1755067696667,-0.173254,0.171904,9.357823
1755067696669,-0.174872,0.172632,9.36673
1755067696671,-0.177248,0.170812,9.370005
1755067696673,-0.190004,0.17901,9.371211
1755067696675,-0.191163,0.172852,9.365552
1755067696677,-0.189582,0.166636,9.359319
1755067696679,-0.183482,0.171952,9.356512
1755067696682,-0.174786,0.185905,9.36039
1755067696684,-0.17922,0.188788,9.360055
1755067696685,-0.179996,0.186709,9.345833
1755067696687,-0.167403,0.175447,9.342366
1755067696689,-0.174987,0.171118,9.342405
1755067696691,-0.171425,0.176529,9.340442
1755067696693,-0.168619,0.168705,9.341256
1755067696696,-0.159722,0.16407,9.341496
1755067696698,-0.160766,0.167096,9.349664
1755067696699,-0.161886,0.172066,9.352767
1755067696701,-0.170745,0.176587,9.351656
1755067696703,-0.171607,0.170467,9.352575
1755067696705,-0.173034,0.171952,9.356483
1755067696707,-0.168973,0.172593,9.357469
1755067696709,-0.169462,0.174269,9.352633
1755067696711,-0.169146,0.174882,9.351857
1755067696714,-0.180341,0.186135,9.354203
1755067696715,-0.178847,0.18646,9.357804
1755067696717,-0.172488,0.1867,9.365073
1755067696719,-0.16881,0.182084,9.361818
1755067696721,-0.166167,0.186164,9.36652
1755067696723,-0.166043,0.187246,9.356463
1755067696725,-0.160708,0.178703,9.348313
1755067696727,-0.168073,0.180111,9.345785
1755067696730,-0.16996,0.176644,9.340864
1755067696731,-0.162365,0.184152,9.338201
1755067696733,-0.173695,0.186508,9.343956
1755067696735,-0.182764,0.177966,9.347395
1755067696737,-0.182304,0.175265,9.340039
1755067696739,-0.175543,0.160297,9.343181
1755067696741,-0.186891,0.165133,9.345153
1755067696743,-0.187054,0.175131,9.345641
1755067696745,-0.171032,0.175438,9.349846
1755067696748,-0.156791,0.171645,9.353178
1755067696749,-0.167872,0.175485,9.348907
1755067696751,-0.180216,0.186029,9.350478
1755067696753,-0.192752,0.174394,9.352374
1755067696755,-0.193528,0.165324,9.342769
1755067696757,-0.185215,0.172181,9.345613
1755067696759,-0.187265,0.170611,9.345575
1755067696761,-0.182429,0.179441,9.347845
1755067696764,-0.178339,0.182362,9.352192
1755067696766,-0.157251,0.176912,9.354932
1755067696767,-0.15908,0.176644,9.352623
1755067696769,-0.166981,0.178876,9.352068
1755067696771,-0.169979,0.172095,9.353964
1755067696773,-0.164491,0.1686,9.346207
1755067696775,-0.161934,0.177937,9.341218
1755067696777,-0.158324,0.192168,9.343841
1755067696779,-0.167087,0.189372,9.345287
1755067696781,-0.167508,0.185828,9.351933
1755067696783,-0.164319,0.190799,9.347357
1755067696785,-0.165114,0.187447,9.335509
1755067696787,-0.159128,0.18692,9.341724
1755067696789,-0.168485,0.170075,9.338469
1755067696791,-0.179086,0.167364,9.33824
1755067696793,-0.184152,0.181011,9.336668
1755067696795,-0.179613,0.178023,9.343515
1755067696798,-0.177391,0.169347,9.339838
1755067696800,-0.17878,0.167288,9.341908
1755067696801,-0.171664,0.168437,9.345354
1755067696803,-0.158324,0.175754,9.347911
1755067696805,-0.159396,0.172708,9.343737
1755067696807,-0.160124,0.178244,9.34634
1755067696809,-0.162605,0.173168,9.344368
1755067696812,-0.155882,0.164386,9.351886
1755067696813,-0.156399,0.169222,9.348084
1755067696816,-0.163428,0.169193,9.342396
1755067696818,-0.161216,0.164874,9.342338
1755067696819,-0.152262,0.162739,9.334467
1755067696821,-0.157596,0.177228,9.336822
1755067696823,-0.16497,0.17177,9.3443
1755067696825,-0.173426,0.166349,9.346389
1755067696827,-0.177975,0.165707,9.342358
1755067696829,-0.172584,0.168379,9.339906
1755067696832,-0.16136,0.169806,9.337301
1755067696834,-0.149896,0.178435,9.34657
1755067696835,-0.154876,0.184784,9.354291
1755067696837,-0.160498,0.181251,9.358025
1755067696839,-0.17175,0.179297,9.354615
1755067696841,-0.161791,0.176874,9.345125
1755067696843,-0.156408,0.181193,9.34747
1755067696845,-0.153583,0.177362,9.35223
1755067696847,-0.165889,0.185043,9.354041
1755067696850,-0.168025,0.175169,9.359997
1755067696851,-0.166694,0.170075,9.354826
1755067696853,-0.153909,0.169567,9.357928
1755067696855,-0.152846,0.169672,9.357966
1755067696857,-0.154981,0.173551,9.351981
1755067696859,-0.158956,0.17245,9.339016
1755067696861,-0.167249,0.173848,9.340786
1755067696863,-0.172411,0.175064,9.347787
1755067696865,-0.168542,0.17108,9.347835
1755067696867,-0.165669,0.15774,9.342615
1755067696869,-0.162652,0.162241,9.338229
1755067696871,-0.15819,0.161053,9.337626
1755067696873,-0.148345,0.167316,9.343678
1755067696876,-0.151888,0.174489,9.345546
1755067696878,-0.158965,0.180025,9.345174
1755067696880,-0.159846,0.18399,9.349309
1755067696881,-0.161858,0.178694,9.353284
1755067696883,-0.158937,0.175208,9.347509
1755067696886,-0.144753,0.171798,9.335633
1755067696887,-0.150844,0.171683,9.340288
1755067696889,-0.168035,0.160957,9.341331
1755067696891,-0.168217,0.172938,9.349568
1755067696894,-0.164769,0.181969,9.352307
1755067696895,-0.16249,0.178521,9.357776
1755067696897,-0.164405,0.180925,9.35495
1755067696900,-0.159837,0.17583,9.358399
1755067696902,-0.167517,0.181471,9.356426
1755067696903,-0.170218,0.174691,9.350583
1755067696905,-0.171779,0.172038,9.353322
1755067696907,-0.168188,0.167106,9.354366
1755067696909,-0.176089,0.166866,9.350776
1755067696911,-0.176309,0.168159,9.354156
1755067696913,-0.161542,0.180753,9.350669
1755067696915,-0.160699,0.18195,9.342816
1755067696918,-0.163581,0.170802,9.351943
1755067696919,-0.176098,0.167498,9.358895
1755067696921,-0.16768,0.169337,9.359769
1755067696923,-0.16474,0.179498,9.348573
1755067696925,-0.173072,0.174729,9.352374
1755067696927,-0.177554,0.185646,9.356827
1755067696929,-0.164664,0.181729,9.355687
1755067696931,-0.160699,0.182754,9.360198
1755067696933,-0.16634,0.183214,9.364787
1755067696935,-0.177468,0.173359,9.368242
1755067696937,-0.178071,0.174805,9.369815
1755067696939,-0.168044,0.172248,9.371175
1755067696941,-0.161216,0.179661,9.367458
1755067696943,-0.171281,0.180743,9.360255
1755067696945,-0.157883,0.172248,9.362823
1755067696947,-0.157883,0.169471,9.363474
1755067696949,-0.152367,0.15954,9.355554
1755067696952,-0.146822,0.167977,9.354787
1755067696953,-0.153938,0.155125,9.350238
1755067696955,-0.152156,0.154934,9.352461
1755067696957,-0.158333,0.15954,9.347873
1755067696959,-0.164185,0.173235,9.347903
1755067696961,-0.153353,0.179881,9.347911
1755067696963,-0.154005,0.188663,9.352106
1755067696965,-0.168849,0.182409,9.356062
1755067696967,-0.171425,0.170898,9.356273
1755067696969,-0.16339,0.169146,9.358082
1755067696971,-0.167814,0.168513,9.358724
1755067696973,-0.168801,0.179278,9.349367
1755067696975,-0.169375,0.177717,9.34771
1755067696977,-0.172411,0.173254,9.350267
1755067696979,-0.163744,0.172632,9.351483
1755067696981,-0.159416,0.175121,9.353935
1755067696983,-0.167058,0.169059,9.361615
1755067696986,-0.158879,0.170027,9.361118
1755067696988,-0.154426,0.180513,9.359825
1755067696990,-0.170256,0.17516,9.355975
1755067696991,-0.177774,0.168523,9.357211
1755067696993,-0.169251,0.168351,9.353006
1755067696995,-0.1738,0.165133,9.358895
1755067696997,-0.166024,0.164309,9.36017
1755067696999,-0.154895,0.176405,9.361941
1755067697001,-0.167709,0.180303,9.35771
1755067697003,-0.171942,0.182754,9.347203
1755067697005,-0.170668,0.182534,9.339485
1755067697007,-0.172124,0.181777,9.347863
1755067697009,-0.164913,0.179718,9.343345
1755067697011,-0.156696,0.181078,9.351714
1755067697013,-0.149322,0.182381,9.356147
1755067697015,-0.15773,0.176156,9.353724
1755067697017,-0.169308,0.160603,9.352374
1755067697019,-0.172315,0.16406,9.355124
1755067697021,-0.17311,0.167699,9.356416
1755067697023,-0.168351,0.165966,9.351541
1755067697025,-0.170027,0.183961,9.347337
1755067697027,-0.158726,0.190205,9.352997
1755067697029,-0.164807,0.173991,9.351111
1755067697031,-0.171837,0.177449,9.348313
1755067697033,-0.165277,0.169624,9.347299
1755067697035,-0.17426,0.178148,9.348169
1755067697038,-0.176117,0.17901,9.353159
1755067697040,-0.160622,0.168715,9.346781
1755067697041,-0.170448,0.162566,9.349043
1755067697043,-0.157605,0.165171,9.344253
1755067697045,-0.163629,0.166359,9.341935
1755067697047,-0.176041,0.17154,9.342778
1755067697049,-0.18489,0.167403,9.341619
1755067697052,-0.188586,0.184277,9.348947
1755067697053,-0.176175,0.180676,9.354156
1755067697056,-0.165956,0.183769,9.363014
1755067697057,-0.162566,0.189506,9.352298
1755067697059,-0.154177,0.191498,9.358025
1755067697061,-0.151917,0.182725,9.354855
1755067697063,-0.154187,0.173656,9.359221
1755067697065,-0.159923,0.176156,9.355094
1755067697067,-0.181222,0.171396,9.342577
1755067697069,-0.164836,0.178215,9.34611
1755067697072,-0.150567,0.177774,9.336908
1755067697073,-0.149685,0.167747,9.343027
1755067697075,-0.157462,0.180791,9.340087
1755067697077,-0.162538,0.183214,9.344214
1755067697079,-0.164089,0.175064,9.350977
1755067697081,-0.171549,0.159502,9.34728
1755067697083,-0.170515,0.156571,9.343535
1755067697085,-0.165296,0.166215,9.344291
1755067697088,-0.166531,0.173666,9.347489
1755067697089,-0.176012,0.170678,9.348333
1755067697091,-0.172124,0.17108,9.342165
1755067697093,-0.173953,0.169289,9.346695
1755067697095,-0.171358,0.16724,9.353417
1755067697097,-0.172756,0.176165,9.356359
1755067697099,-0.176357,0.178186,9.350718
1755067697101,-0.177228,0.185982,9.348179
1755067697103,-0.181231,0.179096,9.341916
1755067697105,-0.176079,0.175505,9.349443
1755067697107,-0.173829,0.173244,9.342989
1755067697109,-0.172105,0.16791,9.33121
1755067697111,-0.185694,0.169902,9.345824
1755067697114,-0.187246,0.172794,9.345067
1755067697115,-0.175476,0.163265,9.34548
1755067697117,-0.160392,0.175696,9.342663
1755067697119,-0.156332,0.164462,9.34028
1755067697122,-0.146496,0.158477,9.349512
1755067697123,-0.1609,0.175351,9.346809
1755067697125,-0.165075,0.180619,9.358054
1755067697128,-0.183223,0.174489,9.353715
1755067697129,-0.182208,0.181069,9.356454
1755067697131,-0.172153,0.177018,9.351915
1755067697133,-0.168054,0.180015,9.347269
1755067697135,-0.162834,0.178071,9.345143
1755067697137,-0.161091,0.175897,9.349405
1755067697139,-0.169596,0.17108,9.357412
1755067697141,-0.168389,0.173034,9.360659
1755067697143,-0.16272,0.163993,9.359748
1755067697145,-0.166263,0.164874,9.358771
1755067697147,-0.167173,0.156025,9.356751
1755067697149,-0.167948,0.16362,9.355927
1755067697151,-0.160957,0.180044,9.355124
1755067697153,-0.152032,0.179623,9.35905
1755067697156,-0.151754,0.178512,9.354357
1755067697157,-0.144217,0.184545,9.355151
1755067697159,-0.156657,0.175868,9.351838
1755067697161,-0.172009,0.174719,9.340911
1755067697163,-0.170448,0.168169,9.343113
1755067697165,-0.167881,0.169797,9.342195
1755067697167,-0.167422,0.166703,9.345767
1755067697169,-0.165746,0.172153,9.348524
1755067697172,-0.165985,0.169433,9.352948
1755067697173,-0.177046,0.173283,9.344954
1755067697176,-0.167316,0.175955,9.3468
1755067697177,-0.173666,0.179728,9.356444
1755067697179,-0.171846,0.182141,9.372716
1755067697181,-0.163036,0.174173,9.367391
1755067697183,-0.164146,0.16384,9.35405
1755067697185,-0.172584,0.157864,9.360074
1755067697187,-0.166589,0.162097,9.362508
1755067697190,-0.160431,0.166522,9.347932
1755067697192,-0.159933,0.161953,9.353543
1755067697194,-0.168504,0.156131,9.354434
1755067697195,-0.166435,0.161838,9.354874
1755067697197,-0.159473,0.170161,9.354424
1755067697199,-0.162595,0.167345,9.360686
1755067697201,-0.159339,0.181835,9.351148
1755067697203,-0.166952,0.187533,9.350622
1755067697205,-0.166407,0.193595,9.359174
1755067697208,-0.16226,0.190224,9.360429
1755067697210,-0.161676,0.175466,9.343345
1755067697211,-0.161063,0.167795,9.346695
1755067697213,-0.156705,0.165631,9.359116
1755067697215,-0.160603,0.162739,9.36245
1755067697217,-0.166215,0.157596,9.359336
1755067697219,-0.163495,0.162336,9.350202
1755067697222,-0.166148,0.173359,9.352643
1755067697224,-0.177238,0.184909,9.348275
1755067697225,-0.177286,0.186681,9.349224
1755067697227,-0.166703,0.185512,9.344866
1755067697229,-0.170553,0.178607,9.340959
1755067697231,-0.172488,0.165842,9.342529
1755067697233,-0.16496,0.159396,9.356627
1755067697235,-0.167489,0.170697,9.349195
1755067697237,-0.167192,0.185915,9.34611
1755067697239,-0.166416,0.1772,9.350449
1755067697241,-0.161666,0.172938,9.354385
1755067697243,-0.164261,0.174001,9.35588
1755067697246,-0.169845,0.17199,9.344176
1755067697247,-0.171195,0.173369,9.334254
1755067697249,-0.179134,0.178014,9.338057
1755067697251,-0.173991,0.177899,9.349808
1755067697253,-0.170783,0.179738,9.351177
1755067697255,-0.166761,0.18352,9.358196
1755067697258,-0.162911,0.174528,9.35725
1755067697259,-0.16519,0.173149,9.351282
1755067697261,-0.16566,0.175332,9.352806
1755067697263,-0.171406,0.167249,9.353352
1755067697265,-0.161925,0.164032,9.347979
1755067697267,-0.180513,0.18624,9.353783
1755067697269,-0.181653,0.19665,9.364738
1755067697271,-0.16519,0.187121,9.358639
1755067697273,-0.171118,0.170793,9.351341
1755067697275,-0.164434,0.164673,9.350182
1755067697277,-0.164424,0.172517,9.349692
1755067697280,-0.16181,0.164271,9.355966
1755067697282,-0.165411,0.163294,9.351809
1755067697283,-0.17426,0.171568,9.342454
1755067697285,-0.167345,0.168264,9.347126
1755067697287,-0.169529,0.169701,9.352345
1755067697290,-0.163457,0.162825,9.351963
1755067697292,-0.171205,0.162624,9.346609
1755067697296,-0.173627,0.178809,9.354971
1755067697297,-0.181021,0.178607,9.346044
1755067697298,-0.17402,0.183425,9.347433
1755067697299,-0.170678,0.183511,9.348917
1755067697301,-0.172258,0.182792,9.347624
1755067697303,-0.168523,0.175801,9.341523
1755067697305,-0.16588,0.179172,9.349282
1755067697307,-0.168092,0.18488,9.342051
1755067697309,-0.15727,0.182113,9.33754
1755067697311,-0.160048,0.178425,9.347183
1755067697313,-0.158314,0.174384,9.352057
1755067697315,-0.158372,0.179412,9.345306
1755067697317,-0.164692,0.181126,9.34364
1755067697319,-0.164846,0.182706,9.357737
1755067697321,-0.163572,0.181978,9.368587
1755067697323,-0.159454,0.186326,9.361071
1755067697326,-0.144753,0.183013,9.355697
1755067697327,-0.160095,0.175447,9.354059
1755067697329,-0.162183,0.166761,9.35839
1755067697331,-0.163495,0.158793,9.359345
1755067697334,-0.168772,0.170094,9.357632
1755067697335,-0.171741,0.178311,9.357976
1755067697337,-0.154886,0.177927,9.357652
1755067697339,-0.15773,0.174987,9.365724
1755067697342,-0.165956,0.17154,9.369172
1755067697344,-0.164108,0.166636,9.357919
1755067697346,-0.159885,0.161082,9.348333
1755067697347,-0.14642,0.166215,9.343248
1755067697349,-0.154531,0.184947,9.34341
1755067697351,-0.157558,0.187677,9.351015
1755067697353,-0.168217,0.187543,9.361673
1755067697355,-0.180207,0.185484,9.359969
1755067697357,-0.173752,0.182783,9.355276
1755067697360,-0.167814,0.18466,9.353553
1755067697361,-0.172095,0.184622,9.341198
1755067697363,-0.174786,0.180887,9.337445
1755067697365,-0.180293,0.170889,9.334743
1755067697367,-0.179738,0.16836,9.346781
1755067697369,-0.180293,0.171913,9.353093
1755067697371,-0.169079,0.177506,9.354308
1755067697373,-0.163869,0.180063,9.355515
1755067697375,-0.172957,0.177238,9.356866
1755067697378,-0.170764,0.179,9.364403
1755067697379,-0.167824,0.180695,9.355583
1755067697381,-0.17561,0.186336,9.355812
1755067697383,-0.163964,0.179881,9.355334
1755067697385,-0.172804,0.166043,9.357641
1755067697387,-0.180168,0.166205,9.355438
1755067697389,-0.189707,0.165028,9.352701
1755067697391,-0.18895,0.169893,9.349415
1755067697394,-0.175342,0.169634,9.344349
1755067697395,-0.162566,0.171597,9.344024
1755067697397,-0.162375,0.169864,9.350124
1755067697399,-0.178789,0.167077,9.345125
1755067697401,-0.179125,0.16883,9.343775
1755067697403,-0.18014,0.179153,9.343994
1755067697405,-0.181423,0.18919,9.343296
1755067697407,-0.177401,0.176156,9.333804
1755067697409,-0.185235,0.174451,9.339369
1755067697412,-0.170314,0.170304,9.349405
1755067697413,-0.159808,0.170304,9.347932
1755067697415,-0.164443,0.170496,9.351302
1755067697417,-0.160095,0.174767,9.350228
1755067697419,-0.1532,0.172095,9.356013
1755067697421,-0.160708,0.166502,9.353178
1755067697423,-0.16973,0.18399,9.357191
1755067697425,-0.16385,0.180283,9.357699
1755067697428,-0.173589,0.173953,9.359212
1755067697430,-0.169672,0.171856,9.355257
1755067697432,-0.159712,0.175687,9.350334
1755067697433,-0.156198,0.174384,9.340547
1755067697435,-0.165047,0.17424,9.343228
1755067697437,-0.176568,0.168916,9.347624
1755067697439,-0.173963,0.17492,9.345029
1755067697441,-0.172114,0.168169,9.349023
1755067697443,-0.169375,0.169481,9.346781
1755067697446,-0.167048,0.165593,9.344492
1755067697447,-0.170314,0.174805,9.352585
1755067697449,-0.168025,0.178895,9.356291
1755067697452,-0.166608,0.174058,9.345297
1755067697453,-0.168753,0.179939,9.342328
1755067697455,-0.158898,0.176261,9.342921
1755067697457,-0.150624,0.172852,9.352931
1755067697459,-0.160555,0.167403,9.347768
1755067697462,-0.180245,0.172976,9.342864
1755067697464,-0.17697,0.172383,9.341331
1755067697465,-0.163016,0.174729,9.368827
1755067697467,-0.156179,0.172842,9.355726
1755067697469,-0.163227,0.163591,9.343352
1755067697471,-0.172066,0.157989,9.347528
1755067697473,-0.17697,0.160929,9.33821
1755067697475,-0.15728,0.181758,9.338172
1755067697477,-0.161704,0.199418,9.310131
1755067697479,-0.167977,0.192781,9.361204
1755067697482,-0.16293,0.205585,9.314134
1755067697483,-0.176347,0.172555,9.396543
1755067697485,-0.171492,0.179479,9.315599
1755067697487,-0.174978,0.167259,9.394474
1755067697489,-0.17584,0.170189,9.366183
1755067697491,-0.16384,0.1747,9.356281
1755067697493,-0.184564,0.160182,9.369785
1755067697495,-0.183721,0.162518,9.31084
1755067697498,-0.1738,0.159071,9.35477
1755067697499,-0.175256,0.162269,9.292097
1755067697501,-0.170754,0.163208,9.342529
1755067697503,-0.169739,0.176319,9.295939
1755067697505,-0.173187,0.174106,9.356311
1755067697507,-0.168236,0.175054,9.310955
1755067697509,-0.153325,0.157864,9.370532
1755067697511,-0.153152,0.170362,9.326286
1755067697514,-0.153679,0.171492,9.379247
1755067697516,-0.163294,0.178923,9.327646
1755067697518,-0.1618,0.173886,9.381708
1755067697519,-0.170448,0.184421,9.335452
1755067697521,-0.163955,0.188941,9.377437
1755067697523,-0.174461,0.187811,9.33663
1755067697525,-0.168561,0.186202,9.379678
1755067697527,-0.166359,0.177717,9.349453
1755067697529,-0.158429,0.179919,9.382091
1755067697532,-0.167719,0.174815,9.37376
1755067697533,-0.166273,0.178607,9.36899
1755067697535,-0.164281,0.179958,9.361961
1755067697537,-0.164491,0.170036,9.350306
1755067697539,-0.180561,0.175581,9.379849
1755067697541,-0.188318,0.171406,9.357804
1755067697543,-0.186068,0.171387,9.362268
1755067697545,-0.175083,0.170266,9.357182
1755067697547,-0.172421,0.176654,9.325492
1755067697550,-0.164453,0.177209,9.349443
1755067697551,-0.177851,0.180523,9.325311
1755067697553,-0.172047,0.174566,9.354347
1755067697555,-0.173781,0.167757,9.30788
1755067697557,-0.174796,0.158707,9.342195
1755067697559,-0.180207,0.170419,9.323423
1755067697561,-0.170869,0.161494,9.334647
1755067697564,-0.163524,0.16994,9.356723
1755067697566,-0.167948,0.172718,9.328778
1755067697567,-0.172785,0.175332,9.388049
1755067697569,-0.168217,0.175888,9.352806
1755067697571,-0.170256,0.169979,9.3744
1755067697573,-0.170659,0.16634,9.343143
1755067697575,-0.170601,0.177535,9.376738
1755067697577,-0.172746,0.176874,9.345489
1755067697579,-0.172191,0.172564,9.358801
1755067697582,-0.173331,0.172268,9.357211
1755067697583,-0.178742,0.184775,9.336083
1755067697585,-0.17335,0.180896,9.371499
1755067697587,-0.1686,0.170515,9.334571
1755067697590,-0.146841,0.163735,9.37081
1755067697591,-0.154819,0.170055,9.320138
1755067697593,-0.164079,0.168245,9.340557
1755067697595,-0.166052,0.166579,9.351513
1755067697597,-0.172143,0.163543,9.329581
1755067697599,-0.181864,0.164376,9.363111
1755067697601,-0.18556,0.160823,9.348593
1755067697603,-0.178291,0.171655,9.377514
1755067697605,-0.182362,0.175897,9.366643
1755067697607,-0.184823,0.185838,9.335481
1755067697609,-0.169557,0.176156,9.387023
1755067697611,-0.155087,0.167096,9.320531
1755067697613,-0.153286,0.168264,9.388038
1755067697616,-0.162595,0.166014,9.354404
1755067697617,-0.1548,0.172746,9.344724
1755067697619,-0.158793,0.167154,9.377323
1755067697621,-0.15727,0.180255,9.293994
1755067697623,-0.147942,0.179508,9.399905
1755067697625,-0.159492,0.187092,9.289092
1755067697627,-0.158017,0.172641,9.400315
1755067697629,-0.160086,0.171262,9.342396
1755067697632,-0.152731,0.177123,9.36766
1755067697635,-0.162087,0.175284,9.374669
1755067697636,-0.169146,0.178828,9.343535
1755067697637,-0.171003,0.171367,9.376614
1755067697639,-0.169529,0.16678,9.329198
1755067697641,-0.174442,0.17967,9.348026
1755067697644,-0.177429,0.176175,9.348936
1755067697646,-0.16157,0.181969,9.338104
1755067697647,-0.173522,0.17425,9.358436
1755067697650,-0.167604,0.179086,9.305879
1755067697652,-0.166091,0.163907,9.387933
1755067697654,-0.173742,0.176702,9.283669
1755067697655,-0.178512,0.183022,9.402144
1755067697658,-0.178425,0.179278,9.317094
1755067697660,-0.16972,0.187466,9.372581
1755067697662,-0.166771,0.187571,9.367717
1755067697664,-0.160402,0.179757,9.345737
1755067697666,-0.162394,0.171252,9.387492
1755067697668,-0.158199,0.18284,9.3258
1755067697670,-0.159521,0.177449,9.384447
1755067697672,-0.14347,0.171549,9.337502
1755067697673,-0.157673,0.180695,9.35178
1755067697675,-0.158171,0.17696,9.367898
1755067697678,-0.169356,0.18511,9.321307
1755067697679,-0.1652,0.175715,9.370273
1755067697681,-0.165966,0.188548,9.302872
1755067697683,-0.15275,0.188816,9.35609
1755067697685,-0.15434,0.186144,9.338229
1755067697687,-0.157002,0.173522,9.349405
1755067697689,-0.173541,0.177717,9.362152
1755067697691,-0.173848,0.167182,9.339149
1755067697693,-0.184066,0.173264,9.353561
1755067697695,-0.178167,0.177688,9.34747
1755067697697,-0.164395,0.183549,9.336763
1755067697699,-0.167652,0.17719,9.362602
1755067697701,-0.170161,0.173675,9.32191
1755067697703,-0.179115,0.174681,9.359125
1755067697706,-0.183549,0.168466,9.335597
1755067697707,-0.176481,0.184354,9.369679
1755067697710,-0.170946,0.185589,9.360754
1755067697711,-0.151869,0.185608,9.338919
1755067697713,-0.159023,0.17063,9.376709
1755067697715,-0.163572,0.179431,9.317295
1755067697718,-0.158238,0.17652,9.396687
1755067697719,-0.161685,0.179584,9.373788
1755067697722,-0.177516,0.179795,9.354097
1755067697723,-0.172632,0.177592,9.368961
1755067697725,-0.175399,0.189123,9.349424
1755067697727,-0.174681,0.191287,9.356329
1755067697729,-0.170774,0.182103,9.357737
1755067697731,-0.172718,0.16792,9.354385
1755067697734,-0.171999,0.178167,9.348074
1755067697736,-0.167517,0.167766,9.337626
1755067697737,-0.165334,0.17878,9.350842
1755067697740,-0.174221,0.17424,9.336926
1755067697741,-0.178598,0.172823,9.34345
1755067697743,-0.17426,0.16768,9.338297
1755067697745,-0.177382,0.172852,9.355171
1755067697747,-0.174547,0.177142,9.337128
1755067697749,-0.15592,0.190033,9.341697
1755067697752,-0.162854,0.194467,9.343085
1755067697755,-0.149092,0.192628,9.340642
1755067697756,-0.161024,0.185608,9.346149
1755067697758,-0.170075,0.201132,9.355764
1755067697759,-0.174968,0.196162,9.361913
1755067697761,-0.165928,0.190914,9.34589
1755067697763,-0.176673,0.183578,9.351436
1755067697765,-0.189717,0.171224,9.349396
1755067697767,-0.181883,0.170094,9.363188
1755067697769,-0.183482,0.174556,9.356263
1755067697771,-0.184689,0.177985,9.357985
1755067697773,-0.175993,0.171693,9.341111
1755067697775,-0.167929,0.169529,9.35654
1755067697777,-0.163352,0.167374,9.342836
1755067697779,-0.150193,0.165717,9.354874
1755067697782,-0.148891,0.164539,9.345641
1755067697783,-0.157366,0.168877,9.349463
1755067697786,-0.174978,0.173733,9.353312
1755067697787,-0.175045,0.18218,9.345201
1755067697789,-0.179881,0.178042,9.350756
1755067697791,-0.177746,0.161465,9.359031
1755067697793,-0.190875,0.166378,9.334763
1755067697795,-0.185302,0.172191,9.365053
1755067697797,-0.182955,0.176472,9.339407
1755067697799,-0.170534,0.180896,9.35653
1755067697801,-0.181231,0.195013,9.336371
1755067697806,-0.177889,0.182706,9.351876
1755067697806,-0.182984,0.174011,9.34385
1755067697807,-0.174987,0.166972,9.349109
1755067697809,-0.159684,0.178301,9.358743
1755067697811,-0.168772,0.167546,9.348295
1755067697813,-0.179038,0.184076,9.358426
1755067697815,-0.177774,0.183817,9.346916
1755067697817,-0.169682,0.180925,9.34117
1755067697820,-0.173944,0.174911,9.353523
1755067697821,-0.164223,0.172478,9.343161
1755067697823,-0.167556,0.170917,9.357115
1755067697825,-0.168044,0.177487,9.343611
1755067697827,-0.166081,0.174346,9.356923
1755067697829,-0.171712,0.165794,9.345939
1755067697831,-0.174154,0.176596,9.340096
1755067697833,-0.16927,0.170371,9.355592
1755067697835,-0.161168,0.168475,9.329811
1755067697838,-0.158937,0.160833,9.37667
1755067697839,-0.157012,0.18013,9.318405
1755067697841,-0.173857,0.17402,9.384715
1755067697843,-0.186566,0.186671,9.313942
1755067697845,-0.181011,0.18828,9.371327
1755067697847,-0.184612,0.189554,9.315619
1755067697849,-0.181011,0.187437,9.364393
1755067697851,-0.181279,0.184421,9.346657
1755067697854,-0.183511,0.187255,9.356215
1755067697855,-0.183731,0.17697,9.366807
1755067697857,-0.174403,0.176788,9.351063
1755067697859,-0.167719,0.179421,9.369498
1755067697861,-0.157922,0.188864,9.350258
1755067697863,-0.152453,0.195204,9.363111
1755067697865,-0.146918,0.191919,9.346016
1755067697867,-0.147875,0.180887,9.357804
1755067697869,-0.156839,0.161101,9.357614
1755067697872,-0.161752,0.171329,9.350737
1755067697873,-0.155709,0.16994,9.360543
1755067697875,-0.154828,0.167987,9.350364
1755067697877,-0.155709,0.165889,9.362162
1755067697879,-0.162806,0.171779,9.335883
1755067697881,-0.169979,0.165755,9.369459
1755067697883,-0.179077,0.174997,9.321632
1755067697885,-0.168877,0.175562,9.384696
1755067697888,-0.158285,0.178244,9.330242
1755067697889,-0.16972,0.177324,9.377638
1755067697891,-0.165803,0.179163,9.316116
1755067697894,-0.160076,0.172555,9.372141
1755067697895,-0.156657,0.172066,9.340834
1755067697897,-0.165028,0.182429,9.369152
1755067697899,-0.17358,0.176625,9.35292
1755067697901,-0.17674,0.165985,9.368415
1755067697903,-0.171444,0.167087,9.354462
1755067697905,-0.165918,0.157414,9.352307
1755067697907,-0.152377,0.16385,9.352843
1755067697910,-0.148373,0.174384,9.350047
1755067697911,-0.169232,0.174691,9.361664
1755067697913,-0.166905,0.173666,9.356377
1755067697915,-0.172421,0.178722,9.344291
1755067697917,-0.165707,0.174011,9.365273
1755067697919,-0.171693,0.176941,9.347949
1755067697922,-0.17765,0.174183,9.349309
1755067697923,-0.178493,0.170017,9.330999
1755067697925,-0.163371,0.173695,9.350469
1755067697927,-0.165478,0.17652,9.341409
1755067697929,-0.169347,0.174556,9.347702
1755067697932,-0.177822,0.181816,9.334197
1755067697933,-0.173177,0.183817,9.346676
1755067697935,-0.158046,0.177018,9.34341
1755067697937,-0.147109,0.177497,9.355823
1755067697940,-0.144141,0.183856,9.338832
1755067697941,-0.151179,0.182572,9.353841
1755067697943,-0.168446,0.194993,9.351474
1755067697945,-0.164079,0.188347,9.359672
1755067697947,-0.169682,0.180255,9.361548
1755067697949,-0.16226,0.17991,9.363704
1755067697951,-0.16136,0.172564,9.3613
1755067697953,-0.164721,0.165047,9.358102
1755067697956,-0.164271,0.176759,9.360879
1755067697957,-0.159645,0.180044,9.359011
1755067697959,-0.160316,0.168504,9.357306
1755067697961,-0.163131,0.171578,9.353236
1755067697963,-0.165028,0.176309,9.356646
1755067697965,-0.174767,0.18421,9.35839
1755067697967,-0.179489,0.186298,9.361136
1755067697969,-0.172967,0.176481,9.362699
1755067697971,-0.169701,0.176912,9.364298
1755067697974,-0.164386,0.18013,9.360505
1755067697975,-0.176558,0.175868,9.360198
1755067697978,-0.178847,0.169232,9.359011
1755067697979,-0.173618,0.168197,9.359355
1755067697981,-0.16813,0.17832,9.358351
1755067697983,-0.161896,0.166952,9.356032
1755067697985,-0.160699,0.175236,9.360686
1755067697987,-0.16451,0.188989,9.35336
1755067697990,-0.165382,0.175323,9.361835
1755067697991,-0.161388,0.171501,9.357814
1755067697993,-0.161187,0.178291,9.345029
1755067697995,-0.163304,0.174671,9.336926
1755067697997,-0.1627,0.168523,9.35019
1755067697999,-0.158266,0.17854,9.350852
1755067698001,-0.165047,0.175083,9.350202
1755067698003,-0.154838,0.173532,9.352643
1755067698005,-0.162806,0.176213,9.346993
1755067698007,-0.163294,0.175361,9.348802
1755067698009,-0.163131,0.177813,9.349072
1755067698012,-0.166905,0.169653,9.354548
1755067698013,-0.171454,0.174001,9.347327
1755067698015,-0.173225,0.189563,9.359893
1755067698017,-0.172258,0.186614,9.363713
1755067698019,-0.159032,0.185828,9.362104
1755067698021,-0.166119,0.177391,9.367296
1755067698024,-0.169873,0.175878,9.359863
1755067698025,-0.163352,0.179805,9.348112
1755067698027,-0.169519,0.17719,9.352575
1755067698030,-0.173474,0.180561,9.355287
1755067698031,-0.175974,0.168772,9.351302
1755067698033,-0.170716,0.166598,9.346034
1755067698035,-0.179718,0.173963,9.343899
1755067698037,-0.17697,0.173465,9.350852
1755067698039,-0.175801,0.178684,9.346103
1755067698041,-0.163706,0.169222,9.347633
1755067698043,-0.157902,0.176175,9.353877
1755067698045,-0.155116,0.176012,9.36062
1755067698047,-0.161369,0.175821,9.362508
1755067698049,-0.162528,0.179421,9.355467
1755067698051,-0.162566,0.179584,9.356923
1755067698053,-0.161781,0.173551,9.346427
1755067698055,-0.150203,0.174374,9.352481
1755067698058,-0.160689,0.172718,9.346993
1755067698059,-0.173417,0.172651,9.340978
1755067698061,-0.177611,0.160555,9.366673
1755067698063,-0.177123,0.157481,9.358331
1755067698065,-0.168025,0.175323,9.347633
1755067698067,-0.161561,0.179747,9.349051
1755067698069,-0.161197,0.17855,9.352029
1755067698071,-0.167728,0.18171,9.355917
1755067698073,-0.167259,0.165439,9.371088
1755067698075,-0.167728,0.165928,9.354912
1755067698077,-0.164338,0.163581,9.357019
1755067698079,-0.173982,0.164587,9.35568
1755067698081,-0.184028,0.170889,9.344205
1755067698083,-0.183319,0.168954,9.34343
1755067698086,-0.168102,0.173235,9.342358
1755067698087,-0.166215,0.198297,9.341092
1755067698089,-0.165162,0.184775,9.345183
1755067698092,-0.165181,0.171281,9.359911
1755067698094,-0.173407,0.165679,9.348112
1755067698095,-0.167996,0.160804,9.352278
1755067698097,-0.159885,0.160364,9.345326
1755067698099,-0.161944,0.161197,9.340375
1755067698101,-0.154397,0.158496,9.341208
1755067698103,-0.153784,0.162145,9.340165
1755067698105,-0.162461,0.176079,9.344828
1755067698107,-0.174834,0.164319,9.343746
1755067698110,-0.171109,0.176395,9.350814
1755067698112,-0.171511,0.17312,9.354347
1755067698113,-0.171865,0.170573,9.36243
1755067698115,-0.17245,0.169577,9.359031
1755067698117,-0.162863,0.169854,9.363302
1755067698119,-0.165573,0.168695,9.362508
1755067698121,-0.166225,0.160574,9.359269
1755067698123,-0.170304,0.160028,9.350353
1755067698126,-0.156485,0.158448,9.340212
1755067698127,-0.165861,0.168782,9.341868
1755067698129,-0.178991,0.173886,9.351063
1755067698131,-0.167699,0.180216,9.358665
1755067698134,-0.162739,0.17741,9.365064
1755067698135,-0.162681,0.178579,9.363569
1755067698137,-0.159751,0.178157,9.356713
1755067698139,-0.1652,0.184325,9.355352
1755067698141,-0.172995,0.18715,9.348553
1755067698143,-0.165296,0.17402,9.352872
1755067698146,-0.160718,0.175418,9.353466
1755067698147,-0.165123,0.183176,9.346359
1755067698149,-0.158295,0.184871,9.344464
1755067698151,-0.159473,0.185187,9.34726
1755067698153,-0.161609,0.17787,9.347768
1755067698155,-0.157357,0.184746,9.352728
1755067698157,-0.154139,0.18761,9.351465
1755067698161,-0.156274,0.173982,9.347384
1755067698162,-0.153966,0.157519,9.354434
1755067698163,-0.172766,0.151534,9.36017
1755067698165,-0.17696,0.16655,9.365963
1755067698167,-0.168035,0.170726,9.36853
1755067698169,-0.169088,0.177257,9.35566
1755067698171,-0.167154,0.181978,9.35699
1755067698173,-0.166138,0.184574,9.352605
1755067698175,-0.178244,0.180523,9.367228
1755067698177,-0.171099,0.180494,9.345345
1755067698179,-0.16928,0.174001,9.346887
1755067698181,-0.170841,0.172009,9.351704
1755067698183,-0.165765,0.161561,9.366222
1755067698185,-0.164242,0.164683,9.35064
1755067698187,-0.165736,0.164711,9.368012
1755067698189,-0.173321,0.167278,9.366863
1755067698191,-0.175533,0.181634,9.366423
1755067698194,-0.162375,0.186709,9.367189
1755067698195,-0.150145,0.179354,9.360802
1755067698198,-0.147416,0.167508,9.361826
1755067698199,-0.16045,0.159128,9.317102
1755067698201,-0.162413,0.162078,9.3287
1755067698203,-0.167948,0.184009,9.29458
1755067698205,-0.161522,0.177947,9.387531
1755067698207,-0.165277,0.184507,9.395049
1755067698209,-0.158745,0.177956,9.413292
1755067698212,-0.172995,0.157251,9.339052
1755067698213,-0.161752,0.165324,9.254337
1755067698215,-0.1523,0.16949,9.277982
1755067698217,-0.160661,0.171281,9.395087
1755067698219,-0.169404,0.185819,9.434429
1755067698221,-0.177066,0.178253,9.40702
1755067698223,-0.174614,0.169787,9.300372
1755067698225,-0.156715,0.198565,9.205657
1755067698228,-0.134698,0.185426,9.323826
1755067698229,-0.139831,0.184928,9.39908
1755067698231,-0.149599,0.185723,9.469049
1755067698233,-0.170783,0.173484,9.385797
1755067698235,-0.169452,0.180523,9.266863
1755067698237,-0.166167,0.186116,9.24
1755067698239,-0.16745,0.187734,9.369172
1755067698241,-0.165056,0.189219,9.441629
1755067698243,-0.166263,0.167537,9.352537
1755067698246,-0.169864,0.176453,9.264852
1755067698247,-0.161015,0.194792,9.269545
1755067698249,-0.159665,0.188472,9.389177
1755067698251,-0.151227,0.183568,9.441534
1755067698253,-0.166617,0.17991,9.396944
1755067698255,-0.174307,0.172813,9.301962
1755067698257,-0.16497,0.179316,9.235795
1755067698259,-0.144035,0.172871,9.371288
1755067698261,-0.159971,0.178991,9.403678
1755067698263,-0.168245,0.178847,9.426117
1755067698265,-0.176185,0.170266,9.329351
1755067698267,-0.174738,0.170209,9.283604
1755067698269,-0.176252,0.179814,9.309049
1755067698272,-0.171827,0.164999,9.415792
1755067698273,-0.159454,0.165095,9.418616
1755067698275,-0.167948,0.154014,9.340375
1755067698277,-0.172373,0.153047,9.274727
1755067698280,-0.16815,0.174987,9.274736
1755067698282,-0.173015,0.177851,9.432752
1755067698283,-0.173934,0.173177,9.433021
1755067698285,-0.171999,0.173704,9.345624
1755067698287,-0.180456,0.171722,9.26376
1755067698289,-0.170898,0.18352,9.357842
1755067698292,-0.160182,0.17424,9.447931
1755067698293,-0.172699,0.155566,9.414882
1755067698296,-0.171712,0.160421,9.292511
1755067698298,-0.162662,0.17878,9.263118
1755067698299,-0.158027,0.160048,9.437866
1755067698301,-0.167297,0.164664,9.407909
1755067698303,-0.171013,0.171741,9.281679
1755067698305,-0.154302,0.177927,9.310418
1755067698307,-0.151179,0.164826,9.453466
1755067698309,-0.15751,0.173733,9.352958
1755067698311,-0.151141,0.182333,9.257708
1755067698314,-0.148134,0.181624,9.394752
1755067698315,-0.160392,0.176481,9.415868
1755067698317,-0.16791,0.164348,9.296685
1755067698319,-0.163122,0.162796,9.402902
1755067698321,-0.158381,0.158956,9.416175
1755067698323,-0.160134,0.174413,9.291581
1755067698325,-0.162672,0.18873,9.312286
1755067698327,-0.169596,0.175409,9.431536
1755067698330,-0.181662,0.17833,9.320762
1755067698331,-0.171655,0.178023,9.283355
1755067698333,-0.166119,0.168332,9.449377
1755067698335,-0.180963,0.162758,9.358436
1755067698337,-0.179881,0.171138,9.3251
1755067698339,-0.17243,0.189563,9.399147
1755067698341,-0.17967,0.186614,9.343314
1755067698343,-0.174231,0.182141,9.333823
1755067698345,-0.168485,0.1695,9.42106
1755067698347,-0.170199,0.17628,9.355574
1755067698349,-0.166512,0.181768,9.323107
1755067698351,-0.167077,0.172229,9.431058
1755067698353,-0.178866,0.179431,9.344847
1755067698356,-0.170668,0.19258,9.323567
1755067698358,-0.166952,0.179747,9.424612
1755067698360,-0.174106,0.157826,9.356636
1755067698361,-0.182572,0.169816,9.345191
1755067698364,-0.184507,0.164826,9.355563
1755067698367,-0.177449,0.174652,9.310772
1755067698368,-0.171339,0.172095,9.390835
1755067698369,-0.168427,0.173264,9.372648
1755067698372,-0.170668,0.185005,9.326507
1755067698373,-0.174623,0.178588,9.357172
1755067698375,-0.172172,0.170735,9.350104
1755067698378,-0.160938,0.176941,9.337722
1755067698379,-0.15796,0.194151,9.369182
1755067698382,-0.170075,0.179354,9.354071
1755067698383,-0.176185,0.172632,9.348046
1755067698385,-0.177774,0.176079,9.360093
1755067698387,-0.169375,0.178311,9.347365
1755067698389,-0.15908,0.165775,9.349424
1755067698392,-0.171406,0.166282,9.350047
1755067698394,-0.180082,0.175648,9.373874
1755067698395,-0.170228,0.178876,9.347759
1755067698397,-0.164501,0.177765,9.327762
1755067698400,-0.162834,0.178425,9.374679
1755067698401,-0.16904,0.183032,9.351148
1755067698403,-0.172699,0.18082,9.352806
1755067698405,-0.169749,0.174001,9.347299
1755067698407,-0.171683,0.188098,9.341102
1755067698410,-0.176338,0.189688,9.37374
1755067698412,-0.180207,0.180973,9.364202
1755067698414,-0.179412,0.174317,9.353055
1755067698416,-0.167652,0.17741,9.353111
1755067698418,-0.158965,0.188146,9.361223
1755067698419,-0.152099,0.18352,9.358629
1755067698421,-0.162892,0.180657,9.341782
1755067698423,-0.171674,0.188395,9.351341
1755067698425,-0.174202,0.179852,9.347213
1755067698427,-0.176625,0.184421,9.338679
1755067698429,-0.179163,0.180858,9.333652
1755067698431,-0.178234,0.174384,9.340126
1755067698434,-0.179345,0.168044,9.339599
1755067698435,-0.182927,0.159502,9.345948
1755067698437,-0.178713,0.167575,9.3441
1755067698439,-0.162854,0.176615,9.343352
1755067698443,-0.179297,0.172488,9.337942
1755067698444,-0.172306,0.165688,9.342271
1755067698445,-0.171396,0.160373,9.348399
1755067698447,-0.1738,0.155709,9.354156
1755067698449,-0.187025,0.157826,9.351627
1755067698451,-0.184219,0.162336,9.347653
1755067698453,-0.169203,0.170716,9.351234
1755067698455,-0.169691,0.175964,9.354357
1755067698457,-0.172411,0.175265,9.347777
1755067698459,-0.166349,0.175457,9.342213
1755067698461,-0.172526,0.179115,9.343525
1755067698463,-0.172842,0.180006,9.358639
1755067698465,-0.16542,0.180954,9.352958
1755067698467,-0.168715,0.173043,9.353553
1755067698469,-0.163735,0.171157,9.342299
1755067698471,-0.166397,0.176041,9.33639
1755067698473,-0.160057,0.178674,9.340911
1755067698475,-0.160747,0.170754,9.35476
1755067698477,-0.156552,0.163476,9.350412
1755067698479,-0.164558,0.169165,9.350373
1755067698481,-0.170984,0.180073,9.360275
1755067698483,-0.182974,0.176568,9.35585
1755067698485,-0.178157,0.173618,9.352106
1755067698487,-0.157127,0.168552,9.358025
1755067698489,-0.159827,0.170927,9.347855
1755067698491,-0.167144,0.177449,9.342615
1755067698493,-0.170831,0.176146,9.345593
1755067698495,-0.169328,0.180504,9.352135
1755067698497,-0.164309,0.181567,9.348849
1755067698499,-0.17425,0.186939,9.348256
1755067698502,-0.167738,0.19257,9.343345
1755067698503,-0.168015,0.181356,9.341284
1755067698505,-0.176912,0.177343,9.342098
1755067698507,-0.166483,0.178588,9.344139
1755067698509,-0.172957,0.184612,9.341897
1755067698511,-0.16611,0.17945,9.343047
1755067698513,-0.173848,0.172948,9.341131
1755067698515,-0.172756,0.175198,9.339742
1755067698517,-0.162901,0.166818,9.333422
1755067698519,-0.161427,0.163486,9.349501
1755067698521,-0.159348,0.175303,9.350422
1755067698523,-0.160996,0.183731,9.355544
1755067698525,-0.17063,0.180791,9.352854
1755067698527,-0.165698,0.166569,9.352692
1755067698529,-0.171319,0.169605,9.351455
1755067698531,-0.179479,0.176232,9.354796
1755067698533,-0.174499,0.17177,9.336486
1755067698535,-0.167642,0.162672,9.343823
1755067698537,-0.163342,0.16158,9.359202
1755067698539,-0.166445,0.173857,9.348295
1755067698541,-0.185177,0.183147,9.352125
1755067698543,-0.167652,0.178272,9.352862
1755067698545,-0.15434,0.173809,9.342864
1755067698547,-0.164654,0.174729,9.347883
1755067698549,-0.160392,0.170132,9.350823
1755067698552,-0.150318,0.166905,9.353858
1755067698553,-0.142072,0.174959,9.358724
1755067698555,-0.145951,0.179441,9.348064
1755067698557,-0.163869,0.17494,9.362353
1755067698559,-0.178282,0.173417,9.388221
1755067698561,-0.171827,0.168657,9.338939
1755067698563,-0.159569,0.172287,9.348218
1755067698565,-0.156428,0.175102,9.341552
1755067698567,-0.160095,0.160641,9.34658
1755067698570,-0.160364,0.179651,9.33867
1755067698571,-0.160067,0.172153,9.383422
1755067698573,-0.158755,0.17493,9.311979
1755067698575,-0.156399,0.163256,9.336496
1755067698577,-0.164213,0.16724,9.38872
1755067698579,-0.160804,0.171904,9.336123
1755067698581,-0.167134,0.16973,9.350306
1755067698583,-0.179862,0.175763,9.349616
1755067698586,-0.167632,0.172488,9.390394
1755067698587,-0.171243,0.169921,9.354721
1755067698589,-0.171406,0.16905,9.368463
1755067698592,-0.16882,0.177429,9.332512
1755067698593,-0.161091,0.173714,9.340336
1755067698595,-0.173149,0.175045,9.374468
1755067698597,-0.180801,0.192159,9.33459
1755067698599,-0.170735,0.185072,9.398707
1755067698601,-0.16315,0.188855,9.34725
1755067698603,-0.155614,0.180657,9.352461
1755067698605,-0.159329,0.18081,9.360849
1755067698607,-0.155757,0.181557,9.313416
1755067698609,-0.166732,0.168561,9.36944
1755067698611,-0.169241,0.183999,9.334658
1755067698613,-0.16632,0.17243,9.347174
1755067698615,-0.170965,0.171885,9.348323
1755067698617,-0.180303,0.174125,9.338698
1755067698619,-0.186623,0.173474,9.3606
1755067698622,-0.17809,0.184286,9.323749
1755067698623,-0.166024,0.172775,9.388269
1755067698625,-0.162624,0.179642,9.329696
1755067698627,-0.160613,0.155997,9.344283
1755067698629,-0.158707,0.155767,9.370196
1755067698631,-0.169452,0.166205,9.342874
1755067698633,-0.17403,0.165526,9.376125
1755067698635,-0.169442,0.169557,9.325473
1755067698638,-0.179795,0.165995,9.338995
1755067698639,-0.181059,0.174279,9.367792
1755067698641,-0.176491,0.179546,9.361022
1755067698643,-0.16091,0.181883,9.359921
1755067698645,-0.15795,0.194131,9.343037
1755067698647,-0.155566,0.191048,9.348218
1755067698649,-0.158898,0.173158,9.354002
1755067698651,-0.162356,0.163486,9.384964
1755067698656,-0.171099,0.168015,9.348333
1755067698657,-0.170783,0.181174,9.330712
1755067698658,-0.168897,0.182687,9.361941
1755067698659,-0.170084,0.177899,9.375013
1755067698661,-0.181078,0.173886,9.361012
1755067698663,-0.175543,0.156475,9.354088
1755067698665,-0.170486,0.152434,9.351656
1755067698667,-0.164079,0.160814,9.325769
1755067698669,-0.159751,0.170965,9.387147
1755067698672,-0.158391,0.183578,9.345679
1755067698673,-0.153344,0.176204,9.325071
1755067698675,-0.156839,0.166885,9.347624
1755067698677,-0.146525,0.159052,9.374688
1755067698679,-0.142417,0.166387,9.354893
1755067698681,-0.149053,0.177324,9.339512
1755067698683,-0.16112,0.177056,9.342769
1755067698685,-0.169969,0.157816,9.370694
1755067698687,-0.166282,0.173292,9.329475
1755067698689,-0.169069,0.171779,9.330521
1755067698693,-0.158343,0.177631,9.357124
1755067698694,-0.161082,0.166043,9.338411
1755067698695,-0.170601,0.176711,9.353217
1755067698697,-0.181605,0.178014,9.35495
1755067698699,-0.171817,0.176979,9.352413
1755067698701,-0.169107,0.177813,9.344579
1755067698703,-0.170927,0.178598,9.344195
1755067698705,-0.163562,0.175629,9.366357
1755067698707,-0.157251,0.175064,9.331948
1755067698709,-0.15842,0.173752,9.345019
1755067698711,-0.163658,0.176529,9.359365
1755067698713,-0.159157,0.177449,9.343976
1755067698715,-0.165593,0.185311,9.343594
1755067698717,-0.179757,0.196123,9.347606
1755067698719,-0.173963,0.19619,9.367247
1755067698722,-0.182649,0.182792,9.365053
1755067698723,-0.183846,0.183836,9.329437
1755067698726,-0.183204,0.186958,9.337654
1755067698727,-0.169998,0.17652,9.370035
1755067698729,-0.173302,0.17041,9.340652
1755067698731,-0.17403,0.17968,9.351954
1755067698733,-0.177937,0.171482,9.353983
1755067698735,-0.175169,0.170573,9.352326
1755067698737,-0.168791,0.171434,9.34522
1755067698740,-0.170324,0.177899,9.336093
1755067698741,-0.171683,0.170295,9.353792
1755067698743,-0.168782,0.169529,9.362276
1755067698745,-0.163955,0.173292,9.338048
1755067698747,-0.165602,0.181902,9.349079
1755067698749,-0.17765,0.18827,9.357555
1755067698751,-0.180283,0.185618,9.333097
1755067698753,-0.162815,0.173388,9.347988
1755067698756,-0.168753,0.172105,9.371011
1755067698757,-0.167585,0.165372,9.349664
1755067698759,-0.163936,0.165104,9.354932
1755067698761,-0.169356,0.162279,9.350803
1755067698763,-0.167441,0.169912,9.350134
1755067698765,-0.161867,0.171272,9.3398
1755067698767,-0.166177,0.179038,9.334992
1755067698769,-0.159808,0.168638,9.348361
1755067698771,-0.173225,0.166531,9.349234
1755067698774,-0.18148,0.172766,9.348056
1755067698775,-0.187792,0.169624,9.344703
1755067698777,-0.189841,0.179077,9.340672
1755067698779,-0.180839,0.183252,9.343506
1755067698781,-0.1738,0.181136,9.332541
1755067698783,-0.168954,0.182237,9.333987
1755067698785,-0.171913,0.176769,9.353571
1755067698787,-0.172919,0.169557,9.351168
1755067698790,-0.175447,0.161666,9.332617
1755067698791,-0.181988,0.16023,9.339035
1755067698794,-0.181844,0.166416,9.349913
1755067698795,-0.172201,0.175189,9.342951
1755067698797,-0.166196,0.179623,9.350248
1755067698799,-0.16135,0.175064,9.356751
1755067698801,-0.158927,0.171664,9.348122
1755067698803,-0.164338,0.165669,9.357354
1755067698805,-0.167872,0.174825,9.355745
1755067698808,-0.159492,0.168159,9.358906
1755067698809,-0.169442,0.169069,9.361204
1755067698811,-0.15638,0.179556,9.357871
1755067698813,-0.14687,0.176845,9.37326
1755067698815,-0.145845,0.17537,9.355247
1755067698817,-0.153325,0.182735,9.341055
1755067698819,-0.154713,0.162825,9.355124
1755067698821,-0.158314,0.163591,9.348074
1755067698824,-0.165736,0.175093,9.335883
1755067698825,-0.173091,0.17356,9.349933
1755067698827,-0.179747,0.188328,9.34456
1755067698830,-0.178397,0.182544,9.333163
1755067698831,-0.180025,0.182639,9.352326
1755067698833,-0.179977,0.181931,9.350334
1755067698835,-0.172459,0.161139,9.347633
1755067698837,-0.16973,0.158238,9.363149
1755067698839,-0.161982,0.16407,9.35405
1755067698841,-0.166914,0.16769,9.348399
1755067698843,-0.171731,0.167546,9.353141
1755067698845,-0.162164,0.178052,9.34521
1755067698847,-0.149542,0.17561,9.35681
1755067698849,-0.154196,0.176443,9.343717
1755067698851,-0.146525,0.176711,9.335203
1755067698853,-0.157491,0.181988,9.341256
1755067698855,-0.163716,0.185886,9.345354
1755067698858,-0.160325,0.183951,9.34411
1755067698859,-0.167537,0.192274,9.346408
1755067698861,-0.17222,0.192523,9.344665
1755067698863,-0.178703,0.183329,9.348994
1755067698865,-0.187217,0.183827,9.348736
1755067698867,-0.178109,0.19146,9.349339
1755067698869,-0.169873,0.186537,9.35494
1755067698871,-0.160957,0.18035,9.357202
1755067698873,-0.163026,0.168408,9.3568
1755067698878,-0.163074,0.17854,9.36174
1755067698879,-0.166943,0.187428,9.359949
1755067698879,-0.166493,0.183884,9.356827
1755067698881,-0.173714,0.181605,9.353466
1755067698883,-0.17856,0.177133,9.353753
1755067698885,-0.178215,0.17492,9.351637
1755067698887,-0.175189,0.175687,9.357555
1755067698889,-0.175639,0.19212,9.355334
1755067698892,-0.172047,0.19257,9.345593
1755067698893,-0.177142,0.186709,9.34456
1755067698895,-0.166876,0.185608,9.350353
1755067698898,-0.156868,0.185924,9.348716
1755067698899,-0.151103,0.188031,9.340336
1755067698901,-0.161953,0.177305,9.355027
1755067698903,-0.171827,0.167355,9.358359
1755067698905,-0.166809,0.167374,9.355736
1755067698907,-0.170525,0.171387,9.352692
1755067698910,-0.16293,0.166158,9.355823
1755067698912,-0.173446,0.163859,9.349043
1755067698913,-0.17109,0.171377,9.357901
1755067698915,-0.157117,0.172057,9.362927
1755067698917,-0.148239,0.167259,9.365313
1755067698919,-0.147665,0.172354,9.366174
1755067698921,-0.155863,0.176252,9.363991
1755067698923,-0.167479,0.18398,9.357172
1755067698926,-0.16496,0.184622,9.352287
1755067698927,-0.171224,0.182658,9.347269
1755067698929,-0.168964,0.17062,9.354347
1755067698931,-0.164223,0.165056,9.352498
1755067698933,-0.161024,0.170458,9.350038
1755067698935,-0.166397,0.172095,9.352815
1755067698937,-0.157807,0.16588,9.353705
1755067698939,-0.160067,0.165181,9.356665
1755067698941,-0.176223,0.170611,9.355362
1755067698943,-0.175179,0.174011,9.362469
1755067698946,-0.166598,0.171291,9.372399
1755067698947,-0.172248,0.181174,9.361578
1755067698949,-0.176903,0.183587,9.352106
1755067698951,-0.181404,0.179881,9.353858
1755067698953,-0.182342,0.173599,9.35408
1755067698955,-0.182352,0.17086,9.349147
1755067698957,-0.182764,0.180772,9.346235
1755067698960,-0.172861,0.190464,9.345249
1755067698961,-0.169538,0.195874,9.348007
1755067698963,-0.162844,0.190416,9.349913
1755067698965,-0.166244,0.181854,9.349396
1755067698967,-0.174106,0.172162,9.343525
1755067698969,-0.170036,0.166857,9.350286
1755067698971,-0.174691,0.167585,9.352461
1755067698973,-0.169883,0.152329,9.347126
1755067698975,-0.167881,0.154924,9.349568
1755067698978,-0.179919,0.161235,9.346887
1755067698979,-0.173896,0.178876,9.355544
1755067698981,-0.173532,0.183654,9.352997
1755067698983,-0.169193,0.177276,9.348104
1755067698985,-0.177889,0.171473,9.346245
1755067698987,-0.166723,0.168092,9.34476
1755067698989,-0.163112,0.161168,9.347365
1755067698991,-0.173589,0.1575,9.352701
1755067698994,-0.178732,0.154129,9.354587
1755067698996,-0.176491,0.165162,9.354012
1755067698997,-0.177908,0.173417,9.343228
1755067698999,-0.174001,0.183597,9.34521
1755067699001,-0.168054,0.170678,9.352278
1755067699003,-0.169203,0.163926,9.352182
1755067699006,-0.16769,0.173062,9.348323
1755067699007,-0.176357,0.17674,9.341964
1755067699009,-0.167977,0.175313,9.343362
1755067699011,-0.171521,0.176299,9.353533
1755067699013,-0.182017,0.174269,9.356512
1755067699015,-0.170094,0.187361,9.359355
1755067699017,-0.177391,0.199121,9.3466
1755067699019,-0.188309,0.190128,9.340489
1755067699021,-0.185637,0.176424,9.342251
1755067699023,-0.177497,0.169577,9.343477
1755067699025,-0.16972,0.178004,9.350047
1755067699028,-0.168581,0.172296,9.348036
1755067699029,-0.162633,0.169883,9.355161
1755067699031,-0.15412,0.175505,9.355947
1755067699034,-0.15185,0.179029,9.344283
1755067699035,-0.171013,0.180408,9.345078
1755067699037,-0.170381,0.182065,9.346466
1755067699039,-0.157807,0.165372,9.350066
1755067699041,-0.158994,0.173886,9.352623
1755067699043,-0.167403,0.181471,9.358321
1755067699045,-0.163285,0.189046,9.353408
1755067699047,-0.16248,0.193078,9.348133
1755067699049,-0.162442,0.18578,9.337462
1755067699051,-0.167201,0.178981,9.333259
1755067699053,-0.173809,0.17244,9.343938
1755067699055,-0.165564,0.162691,9.346313
1755067699057,-0.163447,0.161206,9.342684
1755067699059,-0.157787,0.157931,9.342577
1755067699062,-0.151572,0.164932,9.345593
1755067699063,-0.154646,0.171138,9.352481
1755067699065,-0.155096,0.16496,9.343468
1755067699067,-0.159243,0.160814,9.340729
1755067699069,-0.170486,0.169213,9.348936
1755067699071,-0.170917,0.168494,9.356176
1755067699074,-0.177678,0.163744,9.352537
1755067699075,-0.16949,0.173733,9.359499
1755067699077,-0.176022,0.173378,9.362439
1755067699079,-0.172708,0.17787,9.351541
1755067699081,-0.167709,0.183654,9.350737
1755067699083,-0.17334,0.179872,9.345651
1755067699085,-0.159004,0.177956,9.347221
1755067699087,-0.159636,0.18329,9.339265
1755067699089,-0.156619,0.180686,9.348429
1755067699091,-0.162011,0.183195,9.354107
1755067699093,-0.167029,0.196123,9.350583
1755067699096,-0.164807,0.193902,9.344799
1755067699098,-0.164836,0.192934,9.339035
1755067699099,-0.159195,0.186729,9.354071
1755067699101,-0.153478,0.189937,9.350258
1755067699103,-0.160412,0.183089,9.348639
1755067699105,-0.169682,0.17718,9.346628
1755067699107,-0.171636,0.176941,9.351398
1755067699109,-0.176721,0.184612,9.354165
1755067699111,-0.159521,0.188845,9.359212
1755067699114,-0.156619,0.181969,9.356329
1755067699115,-0.160028,0.18987,9.352278
1755067699117,-0.175169,0.186767,9.346226
1755067699119,-0.170352,0.173321,9.347443
1755067699121,-0.16926,0.174231,9.357661
1755067699123,-0.180896,0.178646,9.366346
1755067699125,-0.178569,0.175715,9.361903
1755067699127,-0.175926,0.159559,9.352038
1755067699130,-0.176012,0.159799,9.355199
1755067699132,-0.167747,0.153507,9.353763
1755067699133,-0.167144,0.150634,9.356952
1755067699135,-0.167881,0.148316,9.359194
1755067699137,-0.174518,0.16023,9.360246
1755067699139,-0.170467,0.169644,9.350172
1755067699141,-0.166914,0.169146,9.342079
1755067699143,-0.170649,0.171779,9.345306
1755067699145,-0.178368,0.179019,9.337462
1755067699147,-0.193298,0.177458,9.342004
1755067699149,-0.177334,0.171185,9.350086
1755067699152,-0.161599,0.168092,9.3534
1755067699153,-0.15274,0.163026,9.363848
1755067699155,-0.159607,0.173417,9.359854
1755067699157,-0.163246,0.179211,9.357057
1755067699159,-0.162298,0.182448,9.35363
1755067699161,-0.162269,0.175763,9.351992
1755067699163,-0.16044,0.169136,9.358522
1755067699167,-0.162269,0.172967,9.351321
1755067699168,-0.16068,0.170956,9.34748
1755067699169,-0.169165,0.166818,9.346188
1755067699171,-0.171185,0.164166,9.337426
1755067699173,-0.169902,0.171885,9.342807
1755067699175,-0.169471,0.186106,9.34362
1755067699177,-0.16202,0.184603,9.349933
1755067699179,-0.168083,0.181557,9.344349
1755067699182,-0.170678,0.171961,9.336563
1755067699183,-0.178406,0.163246,9.337933
