1755067243741,0.032341,-0.328398,9.812176
1755067243743,0.042042,-0.330888,9.82047
1755067243744,0.034352,-0.336529,9.817367
1755067243745,0.033404,-0.334326,9.830333
1755067243746,0.044523,-0.334087,9.820135
1755067243747,0.038135,-0.337247,9.826369
1755067243748,0.039658,-0.348127,9.819396
1755067243749,0.02286,-0.349295,9.824655
1755067243750,0.020906,-0.334604,9.828714
1755067243751,0.022573,-0.319731,9.831138
1755067243752,0.025723,-0.315728,9.838876
1755067243753,0.024124,-0.322901,9.836051
1755067243754,0.029104,-0.334298,9.835016
1755067243755,0.035444,-0.33787,9.833877
1755067243756,0.030253,-0.331779,9.838397
1755067243757,0.023674,-0.337908,9.833725
1755067243757,0.032791,-0.339785,9.838636
1755067243758,0.035022,-0.333168,9.829329
1755067243759,0.03915,-0.337324,9.828247
1755067243760,0.037244,-0.324941,9.825851
1755067243761,0.019853,-0.32226,9.822329
1755067243762,0.022735,-0.314052,9.825068
1755067243763,0.035147,-0.322853,9.818697
1755067243763,0.036507,-0.327843,9.821139
1755067243764,0.032082,-0.326167,9.824282
1755067243765,0.022496,-0.327575,9.831483
1755067243766,0.018914,-0.321723,9.828418
1755067243767,0.022678,-0.321091,9.816246
1755067243767,0.028319,-0.319808,9.814848
1755067243768,0.028769,-0.320258,9.823706
1755067243768,0.030244,-0.328868,9.825431
1755067243769,0.030004,-0.343673,9.821351
1755067243770,0.019948,-0.335504,9.819571
1755067243770,0.01291,-0.335782,9.818
1755067243771,0.018244,-0.341633,9.821935
1755067243771,0.027035,-0.341758,9.81931
1755067243772,0.015495,-0.335801,9.832786
1755067243773,0.012067,-0.336692,9.823879
1755067243773,0.014471,-0.32542,9.82678
1755067243774,0.018138,-0.325123,9.831578
1755067243774,0.022458,-0.327805,9.836031
1755067243775,0.020255,-0.326253,9.834299
1755067243776,0.023885,-0.330314,9.836531
1755067243776,0.039447,-0.329883,9.834175
1755067243777,0.042588,-0.337956,9.830287
1755067243777,0.047223,-0.326033,9.827134
1755067243778,0.054023,-0.32361,9.816371
1755067243779,0.046936,-0.324242,9.821964
1755067243779,0.047721,-0.334317,9.82477
1755067243780,0.038604,-0.321283,9.815844
1755067243780,0.026738,-0.33356,9.818697
1755067243781,0.023003,-0.33288,9.823457
1755067243782,0.022774,-0.335035,9.822116
1755067243782,0.030426,-0.329959,9.827308
1755067243783,0.038499,-0.334757,9.824271
1755067243783,0.038642,-0.330381,9.822805
1755067243791,0.038192,-0.334144,9.830238
1755067243793,0.035654,-0.32089,9.836893
1755067243793,0.032868,-0.320114,9.835208
1755067243795,0.034831,-0.330093,9.827125
1755067243796,0.033002,-0.319827,9.823879
1755067243797,0.022515,-0.322786,9.819454
1755067243798,0.017085,-0.329394,9.825047
1755067243801,0.026566,-0.349304,9.830218
1755067243801,0.03938,-0.35099,9.823936
1755067243805,0.039437,-0.323773,9.818545
1755067243806,0.038824,-0.327488,9.829643
1755067243808,0.040654,-0.345139,9.833714
1755067243810,0.046313,-0.347753,9.832642
1755067243811,0.042665,-0.337774,9.826694
1755067243814,0.043096,-0.334202,9.822624
1755067243817,0.026537,-0.326473,9.825383
1755067243818,0.024842,-0.322509,9.822366
1755067243820,0.034658,-0.32452,9.822317
1755067243822,0.034017,-0.329768,9.81981
1755067243824,0.023291,-0.325784,9.827844
1755067243825,0.021328,-0.333244,9.831396
1755067243828,0.025762,-0.330237,9.8234
1755067243830,0.029535,-0.322212,9.826665
1755067243832,0.02512,-0.317596,9.831263
1755067243833,0.035875,-0.317529,9.825354
1755067243837,0.038298,-0.317576,9.818593
1755067243837,0.029564,-0.318084,9.815441
1755067243840,0.028175,-0.318965,9.823602
1755067243841,0.032762,-0.326981,9.822528
1755067243844,0.025915,-0.325678,9.82071
1755067243845,0.029123,-0.323916,9.823889
1755067243847,0.026547,-0.335686,9.828044
1755067243849,0.030847,-0.334058,9.833648
1755067243852,0.042406,-0.334604,9.830171
1755067243853,0.041975,-0.339191,9.829942
1755067243855,0.035444,-0.348797,9.826398
1755067243857,0.030148,-0.339239,9.826627
1755067243859,0.020217,-0.342974,9.819819
1755067243861,0.025637,-0.339613,9.814092
1755067243864,0.037771,-0.338262,9.8141
1755067243866,0.035923,-0.345014,9.81638
1755067243868,0.022975,-0.343788,9.811074
1755067243870,0.016989,-0.336759,9.810299
1755067243871,0.019594,-0.340178,9.81138
1755067243874,0.024641,-0.338942,9.813891
1755067243876,0.025024,-0.32496,9.827594
1755067243877,0.033193,-0.322509,9.82747
1755067243879,0.036823,-0.321934,9.823016
1755067243881,0.034065,-0.336826,9.813498
1755067243885,0.037187,-0.337314,9.806516
1755067243885,0.043086,-0.33018,9.807647
1755067243888,0.047941,-0.339977,9.810145
1755067243889,0.038278,-0.335811,9.814465
1755067243891,0.037752,-0.33379,9.826387
1755067243893,0.033394,-0.328245,9.831003
1755067243896,0.027792,-0.341825,9.831713
1755067243897,0.023798,-0.341854,9.835784
1755067243899,0.021883,-0.327508,9.82523
1755067243903,0.027447,-0.33673,9.820047
1755067243904,0.028826,-0.338942,9.824894
1755067243907,0.03961,-0.348969,9.831932
1755067243908,0.046754,-0.350473,9.821313
1755067243910,0.04593,-0.346479,9.825728
1755067243911,0.038164,-0.339632,9.828601
1755067243914,0.043565,-0.338061,9.82929
1755067243915,0.029353,-0.341317,9.824329
1755067243918,0.031747,-0.345129,9.821839
1755067243920,0.030617,-0.347303,9.822691
1755067243921,0.034266,-0.339996,9.821551
1755067243925,0.037043,-0.335476,9.830209
1755067243926,0.02783,-0.334719,9.828697
1755067243928,0.03055,-0.325362,9.822825
1755067243930,0.030665,-0.325698,9.817194
1755067243931,0.022036,-0.330716,9.818687
1755067243934,0.027342,-0.331827,9.822605
1755067243936,0.030799,-0.336586,9.827374
1755067243938,0.032954,-0.333282,9.83335
1755067243940,0.034563,-0.33697,9.829232
1755067243942,0.030636,-0.324261,9.828257
1755067243943,0.032896,-0.324137,9.824282
1755067243946,0.03553,-0.3304,9.827098
1755067243947,0.029746,-0.341969,9.827797
1755067243949,0.027696,-0.345809,9.829969
1755067243952,0.029046,-0.345857,9.838034
1755067243954,0.02151,-0.335351,9.828274
1755067243957,0.026202,-0.342754,9.819263
1755067243958,0.021375,-0.326253,9.824482
1755067243960,0.031594,-0.322623,9.828743
1755067243961,0.027466,-0.320402,9.838426
1755067243965,0.030234,-0.326703,9.833695
1755067243966,0.034534,-0.327919,9.825785
1755067243968,0.029889,-0.32407,9.830553
1755067243970,0.031939,-0.33267,9.835094
1755067243972,0.02173,-0.327699,9.838321
1755067243974,0.02671,-0.324721,9.839968
1755067243975,0.030722,-0.324213,9.839977
1755067243977,0.024536,-0.331932,9.836818
1755067243980,0.023559,-0.340216,9.836941
1755067243982,0.030569,-0.345761,9.842669
1755067243984,0.028922,-0.323907,9.83652
1755067243986,0.03169,-0.323275,9.828858
1755067243987,0.039993,-0.331061,9.818143
1755067243991,0.041132,-0.32678,9.82475
1755067243991,0.043622,-0.322901,9.828313
1755067243993,0.032695,-0.320526,9.825632
1755067243995,0.022908,-0.326598,9.822145
1755067243997,0.021854,-0.333704,9.822089
1755067244000,0.029458,-0.333579,9.810376
1755067244003,0.019422,-0.318027,9.814886
1755067244004,0.018675,-0.326847,9.827891
1755067244005,0.014049,-0.330045,9.82115
1755067244008,0.017889,-0.3338,9.820106
1755067244009,0.027169,-0.326445,9.826609
1755067244012,0.033461,-0.312558,9.823715
1755067244014,0.032207,-0.317509,9.826091
1755067244016,0.037215,-0.325602,9.824463
1755067244017,0.040797,-0.333484,9.834548
1755067244020,0.042559,-0.342112,9.836664
1755067244022,0.037876,-0.330438,9.832623
1755067244024,0.037943,-0.32587,9.821361
1755067244026,0.037215,-0.328264,9.817376
1755067244027,0.028252,-0.325027,9.815452
1755067244030,0.017688,-0.324117,9.820106
1755067244032,0.023473,-0.322844,9.833149
1755067244034,0.041123,-0.332947,9.83672
1755067244036,0.048861,-0.3295,9.837746
1755067244040,0.036765,-0.330275,9.832287
1755067244041,0.035702,-0.33266,9.838484
1755067244042,0.028261,-0.331741,9.83742
1755067244044,0.031038,-0.331712,9.824999
1755067244045,0.024919,-0.322537,9.823217
1755067244047,0.024679,-0.329624,9.829481
1755067244049,0.035683,-0.337525,9.828792
1755067244052,0.036143,-0.338339,9.826704
1755067244054,0.029631,-0.337582,9.829596
1755067244056,0.036133,-0.334164,9.811765
1755067244057,0.030426,-0.328264,9.814541
1755067244059,0.035731,-0.32496,9.815662
1755067244063,0.04006,-0.317423,9.817951
1755067244064,0.044523,-0.326473,9.81822
1755067244066,0.046591,-0.327977,9.808489
1755067244068,0.043172,-0.336835,9.811869
1755067244070,0.047089,-0.34963,9.819186
1755067244072,0.048507,-0.339383,9.811468
1755067244073,0.052567,-0.338588,9.8182
1755067244076,0.047913,-0.340551,9.817922
1755067244078,0.032149,-0.33697,9.820057
1755067244080,0.024306,-0.345818,9.824262
1755067244082,0.023492,-0.333005,9.82884
1755067244084,0.027102,-0.337602,9.818927
1755067244086,0.049043,-0.340245,9.817348
1755067244088,0.03756,-0.34851,9.81931
1755067244089,0.032695,-0.352733,9.82095
1755067244091,0.041046,-0.348692,9.815977
1755067244093,0.034381,-0.341231,9.81913
1755067244096,0.027658,-0.340819,9.822136
1755067244098,0.031891,-0.333656,9.820756
1755067244100,0.028903,-0.333685,9.83087
1755067244102,0.032264,-0.336318,9.827021
1755067244104,0.035683,-0.324213,9.834682
1755067244107,0.033567,-0.314205,9.829596
1755067244108,0.03734,-0.318515,9.824119
1755067244109,0.037493,-0.319645,9.821542
1755067244111,0.039274,-0.325506,9.814541
1755067244115,0.039016,-0.319741,9.814388
1755067244116,0.038556,-0.324472,9.811821
1755067244118,0.044762,-0.32135,9.814991
1755067244120,0.038863,-0.321139,9.823045
1755067244121,0.027303,-0.311811,9.819435
1755067244124,0.023731,-0.323016,9.843761
1755067244126,0.02579,-0.326071,9.826561
1755067244128,0.041401,-0.332507,9.82023
1755067244130,0.037934,-0.337123,9.821063
1755067244132,0.028577,-0.33447,9.821121
1755067244134,0.028625,-0.332047,9.818995
1755067244136,0.019508,-0.33628,9.822329
1755067244137,0.026068,-0.346106,9.822442
1755067244140,0.022946,-0.346786,9.823276
1755067244142,0.030473,-0.330122,9.821236
1755067244143,0.031182,-0.32677,9.818467
1755067244145,0.048181,-0.326339,9.809197
1755067244147,0.055536,-0.340609,9.8071
1755067244149,0.047051,-0.342428,9.814618
1755067244152,0.038671,-0.331501,9.824951
1755067244154,0.02716,-0.335246,9.825899
1755067244156,0.016434,-0.337439,9.820594
1755067244157,0.011933,-0.346709,9.825728
1755067244159,0.005669,-0.334891,9.825929
1755067244161,0.01833,-0.338722,9.828477
1755067244164,0.029305,-0.3408,9.826484
1755067244166,0.024766,-0.35099,9.822471
1755067244167,0.033184,-0.346154,9.819484
1755067244169,0.032226,-0.326492,9.829912
1755067244172,0.023827,-0.321532,9.832172
1755067244173,0.013091,-0.315517,9.83199
1755067244175,0.010353,-0.304734,9.830573
1755067244177,0.016999,-0.300386,9.837238
1755067244180,0.02603,-0.311256,9.838426
1755067244182,0.031785,-0.327527,9.835409
1755067244184,0.028204,-0.329385,9.822021
1755067244186,0.026949,-0.330649,9.825038
1755067244187,0.029765,-0.320919,9.824578
1755067244189,0.031824,-0.321426,9.822835
1755067244192,0.023118,-0.319013,9.817376
1755067244194,0.020217,-0.323035,9.828639
1755067244195,0.020657,-0.320248,9.833849
1755067244197,0.023674,-0.325104,9.841404
1755067244199,0.018244,-0.31365,9.843042
1755067244202,0.025781,-0.316236,9.833936
1755067244204,0.034965,-0.320469,9.827298
1755067244206,0.035894,-0.325439,9.821686
1755067244208,0.031776,-0.339278,9.821781
1755067244210,0.037733,-0.355912,9.817021
1755067244212,0.023999,-0.348117,9.824472
1755067244214,0.030512,-0.336404,9.827374
1755067244217,0.024019,-0.317682,9.826561
1755067244217,0.022314,-0.321513,9.825439
1755067244220,0.026442,-0.341806,9.823276
1755067244222,0.037589,-0.335054,9.825728
1755067244224,0.044819,-0.334901,9.825354
1755067244225,0.038566,-0.337784,9.827098
1755067244227,0.02873,-0.330151,9.830448
1755067244230,0.038489,-0.333857,9.824759
1755067244232,0.032331,-0.331204,9.819798
1755067244234,0.023444,-0.33538,9.826665
1755067244236,0.028711,-0.335246,9.830517
1755067244237,0.036172,-0.330946,9.822596
1755067244239,0.039322,-0.327852,9.82633
1755067244242,0.046984,-0.332037,9.826618
1755067244244,0.039705,-0.335255,9.818525
1755067244246,0.044254,-0.340858,9.819407
1755067244248,0.041975,-0.338377,9.826407
1755067244249,0.026451,-0.331808,9.829519
1755067244253,0.020743,-0.343884,9.817395
1755067244254,0.019699,-0.34057,9.812578
1755067244256,0.021433,-0.334077,9.817922
1755067244257,0.028405,-0.339804,9.826598
1755067244259,0.028683,-0.334269,9.824683
1755067244262,0.034323,-0.338645,9.822279
1755067244265,0.035463,-0.337937,9.823208
1755067244265,0.03191,-0.335179,9.825755
1755067244268,0.032762,-0.335954,9.819646
1755067244270,0.039073,-0.344545,9.81799
1755067244271,0.036296,-0.341461,9.829903
1755067244273,0.032896,-0.333062,9.83112
1755067244275,0.039907,-0.33063,9.823928
1755067244278,0.031709,-0.327354,9.827891
1755067244280,0.03214,-0.329385,9.834146
1755067244281,0.033356,-0.329959,9.827939
1755067244285,0.03507,-0.329988,9.828782
1755067244286,0.024976,-0.31999,9.830669
1755067244288,0.015965,-0.316657,9.828303
1755067244290,0.014097,-0.326818,9.821973
1755067244291,0.016482,-0.335993,9.817663
1755067244294,0.020303,-0.337898,9.822864
1755067244296,0.033758,-0.327259,9.8329
1755067244297,0.038106,-0.325066,9.832574
1755067244300,0.034438,-0.322097,9.832508
1755067244303,0.041678,-0.327374,9.833772
1755067244304,0.033921,-0.326272,9.828112
1755067244306,0.031661,-0.326416,9.823238
1755067244308,0.0206,-0.330457,9.824578
1755067244310,0.021299,-0.331923,9.823706
1755067244313,0.016242,-0.32656,9.816476
1755067244314,0.019048,-0.332545,9.818094
1755067244316,0.028788,-0.337161,9.825937
1755067244318,0.028156,-0.331951,9.825525
1755067244320,0.025752,-0.334202,9.825439
1755067244325,0.032772,-0.340915,9.829174
1755067244325,0.026834,-0.343166,9.835419
1755067244326,0.023176,-0.334298,9.831243
1755067244327,0.020772,-0.32157,9.83043
1755067244330,0.014212,-0.326694,9.833198
1755067244331,0.016989,-0.336491,9.836425
1755067244333,0.02558,-0.344257,9.836875
1755067244335,0.040021,-0.336539,9.827997
1755067244338,0.039629,-0.347791,9.827538
1755067244340,0.035166,-0.345531,9.82158
1755067244342,0.032609,-0.339574,9.824645
1755067244344,0.032216,-0.338349,9.832277
1755067244346,0.023013,-0.328188,9.831129
1755067244348,0.022802,-0.332459,9.831223
1755067244349,0.039782,-0.32994,9.833849
1755067244352,0.046467,-0.35143,9.829242
1755067244353,0.053697,-0.345617,9.830295
1755067244356,0.053285,-0.351996,9.833657
1755067244358,0.040587,-0.347629,9.832642
1755067244359,0.032417,-0.342495,9.823544
1755067244362,0.032494,-0.33107,9.816197
1755067244364,0.021395,-0.333962,9.821695
1755067244366,0.029066,-0.35054,9.814532
1755067244369,0.032504,-0.348672,9.816266
1755067244369,0.029793,-0.34171,9.82045
1755067244371,0.02874,-0.332296,9.818066
1755067244374,0.028156,-0.324366,9.815068
1755067244376,0.035453,-0.324491,9.813066
1755067244377,0.039054,-0.33469,9.815278
1755067244379,0.035607,-0.326799,9.824838
1755067244381,0.032226,-0.324989,9.82973
1755067244384,0.025331,-0.327287,9.822068
1755067244386,0.032523,-0.331329,9.825641
1755067244387,0.031163,-0.33017,9.822021
1755067244389,0.025714,-0.328456,9.825335
1755067244391,0.016712,-0.329126,9.824845
1755067244393,0.017861,-0.333924,9.825459
1755067244396,0.027543,-0.329892,9.821562
1755067244397,0.030205,-0.328542,9.820047
1755067244399,0.021873,-0.333694,9.821112
1755067244403,0.026317,-0.337889,9.813995
1755067244404,0.02217,-0.328724,9.819492
1755067244406,0.01923,-0.316657,9.823217
1755067244408,0.018809,-0.310624,9.824415
1755067244410,0.023406,-0.31841,9.836357
1755067244412,0.028242,-0.325765,9.832911
1755067244414,0.017746,-0.322997,9.82406
1755067244416,0.022247,-0.324979,9.82115
1755067244418,0.015677,-0.316638,9.821724
1755067244420,0.019814,-0.31907,9.819147
1755067244421,0.029075,-0.320737,9.816152
1755067244423,0.027332,-0.325305,9.821819
1755067244425,0.030196,-0.327431,9.818707
1755067244427,0.03486,-0.326674,9.816553
1755067244429,0.03643,-0.327077,9.819263
1755067244431,0.028395,-0.337161,9.824022
1755067244433,0.031287,-0.328532,9.828457
1755067244435,0.038278,-0.326148,9.834337
1755067244437,0.04344,-0.327737,9.82115
1755067244440,0.037953,-0.333417,9.81728
1755067244442,0.043201,-0.318228,9.817367
1755067244444,0.043709,-0.324931,9.818477
1755067244446,0.035425,-0.341729,9.816495
1755067244447,0.025532,-0.350588,9.810385
1755067244449,0.026547,-0.346135,9.816322
1755067244452,0.033749,-0.348012,9.82475
1755067244453,0.025283,-0.334499,9.821819
1755067244455,0.027869,-0.320335,9.827317
1755067244457,0.031402,-0.310135,9.835525
1755067244459,0.030675,-0.31319,9.832182
1755067244462,0.027351,-0.326751,9.832211
1755067244465,0.029659,-0.322221,9.817577
1755067244466,0.025915,-0.326014,9.818315
1755067244468,0.029698,-0.328092,9.820249
1755067244470,0.050135,-0.338894,9.825085
1755067244472,0.05114,-0.338626,9.825143
1755067244474,0.050221,-0.347236,9.82047
1755067244476,0.03937,-0.34421,9.826302
1755067244477,0.026844,-0.342112,9.836261
1755067244479,0.017832,-0.333043,9.835198
1755067244481,0.022122,-0.339938,9.824347
1755067244485,0.029793,-0.334183,9.812799
1755067244485,0.037627,-0.322518,9.814092
1755067244488,0.0319,-0.319588,9.820575
1755067244490,0.035597,-0.317529,9.821772
1755067244492,0.036593,-0.314617,9.826531
1755067244493,0.034314,-0.31705,9.820852
1755067244496,0.04095,-0.325698,9.82723
1755067244497,0.042387,-0.331147,9.823016
1755067244499,0.040472,-0.333809,9.814713
1755067244503,0.034189,-0.337611,9.818851
1755067244504,0.03915,-0.332124,9.825344
1755067244506,0.035214,-0.332583,9.827758
1755067244508,0.035923,-0.332526,9.829797
1755067244509,0.036488,-0.330275,9.822346
1755067244512,0.039294,-0.339776,9.816754
1755067244515,0.038365,-0.342084,9.812387
1755067244516,0.032762,-0.337286,9.814168
1755067244518,0.034093,-0.337266,9.817492
1755067244520,0.037541,-0.330639,9.820345
1755067244521,0.026825,-0.32769,9.819109
1755067244524,0.028692,-0.332124,9.825335
1755067244526,0.015246,-0.33923,9.822864
1755067244528,0.016549,-0.349525,9.822596
1755067244530,0.006895,-0.342141,9.817673
1755067244531,0.011473,-0.330132,9.8182
1755067244533,0.026461,-0.324788,9.828667
1755067244535,0.029564,-0.335523,9.827911
1755067244537,0.033145,-0.331884,9.821639
1755067244539,0.034103,-0.331176,9.823476
1755067244542,0.036373,-0.321991,9.828954
1755067244543,0.034812,-0.320612,9.827039
1755067244545,0.035942,-0.336347,9.818947
1755067244547,0.043191,-0.339459,9.827701
1755067244549,0.044934,-0.33515,9.822615
1755067244552,0.037627,-0.330716,9.837525
1755067244554,0.028328,-0.326272,9.813363
1755067244556,0.014308,-0.329318,9.816611
1755067244558,0.026126,-0.343338,9.823276
1755067244559,0.026901,-0.348059,9.814503
1755067244562,0.025867,-0.348471,9.834586
1755067244565,0.042272,-0.350655,9.825813
1755067244566,0.02648,-0.34963,9.806525
1755067244568,0.019154,-0.340063,9.841949
1755067244569,0.021222,-0.339766,9.806037
1755067244572,0.030196,-0.355328,9.81823
1755067244573,0.048439,-0.350444,9.827853
1755067244575,0.051954,-0.329289,9.817807
1755067244577,0.045748,-0.330122,9.810864
1755067244580,0.037426,-0.341011,9.82478
1755067244582,0.031211,-0.343884,9.830209
1755067244584,0.02014,-0.347456,9.828858
1755067244587,0.016568,-0.341499,9.851729
1755067244588,0.028855,-0.335945,9.8214
1755067244589,0.028271,-0.326042,9.813909
1755067244592,0.033375,-0.334164,9.840178
1755067244594,0.025857,-0.337803,9.796834
1755067244595,0.022544,-0.330764,9.825133
1755067244597,0.039054,-0.329816,9.941567
1755067244600,0.030684,-0.344478,9.750855
1755067244602,0.029075,-0.33945,9.750292
1755067244604,0.040357,-0.341451,9.865874
1755067244606,0.03666,-0.337056,9.919168
1755067244608,0.036612,-0.330563,9.81321
1755067244609,0.026461,-0.314474,9.724538
1755067244611,0.017976,-0.316743,9.795301
1755067244614,0.036401,-0.32837,9.935813
1755067244615,0.037426,-0.344976,9.821465
1755067244618,0.022869,-0.347083,9.757483
1755067244620,0.023875,-0.347638,9.802236
1755067244621,0.019412,-0.344641,9.876264
1755067244623,0.019814,-0.349276,9.893867
1755067244626,0.012747,-0.341308,9.752483
1755067244628,0.017152,-0.335504,9.758028
1755067244629,0.040203,-0.328628,9.896298
1755067244631,0.032178,-0.329682,9.895055
1755067244634,0.037733,-0.337927,9.802485
1755067244636,0.034448,-0.333225,9.750742
1755067244637,0.039045,-0.327278,9.823238
1755067244639,0.038853,-0.323466,9.918172
1755067244642,0.028232,-0.323935,9.748444
1755067244644,0.030416,-0.31569,9.773908
1755067244645,0.039964,-0.328283,9.854563
1755067244648,0.030253,-0.325343,9.895016
1755067244651,0.030828,-0.330802,9.834577
1755067244652,0.019259,-0.337477,9.767731
1755067244654,0.027763,-0.339067,9.824732
1755067244655,0.036248,-0.346163,9.920193
1755067244658,0.027495,-0.35348,9.755711
1755067244660,0.023904,-0.338349,9.787649
1755067244661,0.046055,-0.327019,9.864982
1755067244665,0.04344,-0.327058,9.853184
1755067244666,0.035712,-0.32632,9.776944
1755067244668,0.039351,-0.320507,9.803767
1755067244670,0.03508,-0.311658,9.897879
1755067244671,0.040797,-0.325745,9.857628
1755067244673,0.028587,-0.336031,9.729643
1755067244676,0.025656,-0.324443,9.861851
1755067244677,0.036785,-0.315747,9.9216
1755067244680,0.026307,-0.329423,9.732717
1755067244682,0.023176,-0.336586,9.785361
1755067244684,0.038278,-0.349343,9.902973
1755067244688,0.036737,-0.343989,9.835965
1755067244689,0.032006,-0.347083,9.735264
1755067244690,0.04232,-0.343127,9.860837
1755067244692,0.037618,-0.346853,9.876148
1755067244693,0.02986,-0.358048,9.776235
1755067244696,0.025589,-0.347303,9.810719
1755067244698,0.015811,-0.324797,9.907015
1755067244699,0.015811,-0.330515,9.792879
1755067244702,0.029458,-0.330745,9.79057
1755067244703,0.039284,-0.329576,9.910884
1755067244706,0.044954,-0.333062,9.819386
1755067244708,0.039083,-0.33265,9.740158
1755067244709,0.040079,-0.32156,9.922903
1755067244711,0.036516,-0.324089,9.849153
1755067244714,0.014585,-0.322796,9.713707
1755067244717,0.03101,-0.311878,9.92569
1755067244718,0.025388,-0.317538,9.84669
1755067244720,0.021356,-0.321139,9.729769
1755067244722,0.031326,-0.320612,9.905645
1755067244724,0.0387,-0.332382,9.86461
1755067244726,0.030224,-0.338751,9.720278
1755067244727,0.042444,-0.334058,9.902735
1755067244729,0.042454,-0.345493,9.809589
1755067244732,0.03213,-0.334652,9.781339
1755067244734,0.029286,-0.339,9.909094
1755067244736,0.01402,-0.357579,9.743462
1755067244737,0.015878,-0.350703,9.827269
1755067244739,0.025244,-0.336548,9.926839
1755067244741,0.016989,-0.348184,9.687888
1755067244744,0.032638,-0.345704,9.896194
1755067244746,0.038288,-0.335839,9.873189
1755067244747,0.036574,-0.327441,9.7107
1755067244749,0.046993,-0.326186,9.895389
1755067244751,0.028912,-0.335744,9.814197
1755067244754,0.026461,-0.322815,9.748519
1755067244756,0.040634,-0.312616,9.904257
1755067244757,0.02873,-0.32655,9.785601
1755067244759,0.032839,-0.320287,9.799076
1755067244761,0.041793,-0.319521,9.888878
1755067244764,0.021567,-0.313976,9.79264
1755067244767,0.02377,-0.312711,9.840705
1755067244767,0.028721,-0.328303,9.846261
1755067244771,0.026547,-0.327498,9.813401
1755067244772,0.032293,-0.311074,9.81978
1755067244774,0.033203,-0.325506,9.79941
1755067244776,0.037158,-0.329864,9.840676
1755067244778,0.03914,-0.323619,9.765088
1755067244779,0.049704,-0.328647,9.840533
1755067244781,0.051236,-0.331549,9.822106
1755067244783,0.044226,-0.336127,9.773477
1755067244785,0.03893,-0.344037,9.833675
1755067244788,0.041104,-0.346633,9.795235
1755067244790,0.03711,-0.332373,9.8424
1755067244791,0.026805,-0.330132,9.802849
1755067244794,0.029066,-0.325123,9.799237
1755067244796,0.03124,-0.320584,9.851814
1755067244797,0.012277,-0.316619,9.79647
1755067244799,0.027256,-0.317002,9.823582
1755067244801,0.039543,-0.315201,9.851699
1755067244804,0.033624,-0.314119,9.800617
1755067244806,0.034275,-0.321924,9.810385
1755067244808,0.042598,-0.322451,9.864486
1755067244809,0.032829,-0.320718,9.772499
1755067244811,0.038671,-0.321168,9.819235
1755067244815,0.041544,-0.329318,9.849191
1755067244816,0.045528,-0.336318,9.814138
1755067244819,0.039198,-0.332066,9.832862
1755067244820,0.028041,-0.332258,9.840245
1755067244821,0.021691,-0.348012,9.804734
1755067244824,0.025043,-0.336692,9.851153
1755067244825,0.027428,-0.33514,9.82678
1755067244827,0.024766,-0.340733,9.841424
1755067244830,0.025829,-0.337353,9.816601
1755067244831,0.026126,-0.335763,9.821656
1755067244833,0.009088,-0.331674,9.823208
1755067244836,0.008246,-0.333541,9.853912
1755067244837,0.020159,-0.341327,9.824693
1755067244840,0.019182,-0.33967,9.833772
1755067244841,0.033327,-0.344344,9.827863
1755067244844,0.034611,-0.34238,9.75481
1755067244846,0.040424,-0.337266,9.845618
1755067244847,0.040462,-0.327134,9.820863
1755067244849,0.032944,-0.321522,9.804419
1755067244852,0.046045,-0.325994,9.881071
1755067244853,0.043699,-0.335753,9.773361
1755067244856,0.033174,-0.328733,9.827844
1755067244857,0.034467,-0.33696,9.836655
1755067244859,0.042511,-0.343759,9.814053
1755067244861,0.032456,-0.339747,9.823879
1755067244864,0.045701,-0.343779,9.822231
1755067244865,0.046754,-0.321168,9.806497
1755067244868,0.044484,-0.318831,9.817759
1755067244870,0.04594,-0.324242,9.831138
1755067244872,0.051753,-0.327603,9.82929
1755067244874,0.031584,-0.328111,9.809408
1755067244875,0.03846,-0.323236,9.867464
1755067244877,0.039322,-0.329097,9.847303
1755067244879,0.030033,-0.33288,9.81772
1755067244882,0.028098,-0.327412,9.829557
1755067244885,0.032638,-0.325784,9.827049
1755067244886,0.01651,-0.325908,9.847878
1755067244888,0.020322,-0.32995,9.801277
1755067244890,0.023128,-0.31523,9.859649
1755067244892,0.022649,-0.322164,9.797849
1755067244893,0.022094,-0.332622,9.848635
1755067244895,0.023952,-0.323323,9.806507
1755067244897,0.025465,-0.326607,9.849257
1755067244899,0.029372,-0.323792,9.819934
1755067244902,0.022764,-0.325382,9.837047
1755067244904,0.020217,-0.330467,9.826943
1755067244906,0.021605,-0.336108,9.819674
1755067244908,0.026039,-0.326416,9.815212
1755067244909,0.022687,-0.319367,9.817864
1755067244911,0.031987,-0.324663,9.829051
1755067244914,0.030062,-0.325075,9.798941
1755067244916,0.018589,-0.339661,9.813441
1755067244919,0.022936,-0.33877,9.870297
1755067244920,0.030301,-0.326789,9.810778
1755067244921,0.02104,-0.327565,9.833082
1755067244924,0.038499,-0.339584,9.79646
1755067244926,0.026719,-0.337669,9.767281
1755067244927,0.031067,-0.334719,9.863086
1755067244930,0.045107,-0.340963,9.805655
1755067244932,0.03937,-0.337697,9.820546
1755067244934,0.040874,-0.328676,9.83991
1755067244936,0.039303,-0.331568,9.818171
1755067244938,0.020724,-0.335763,9.820163
1755067244940,0.022237,-0.333206,9.804658
1755067244941,0.033854,-0.332909,9.858509
1755067244943,0.040165,-0.337745,9.814378
1755067244946,0.032638,-0.348194,9.832709
1755067244948,0.027552,-0.342141,9.828657
1755067244949,0.03122,-0.332143,9.836166
1755067244951,0.03077,-0.328666,9.870203
1755067244953,0.027744,-0.327996,9.883436
1755067244956,0.030598,-0.332392,9.820402
1755067244958,0.040644,-0.337391,9.832201
1755067244959,0.039897,-0.337774,9.809264
1755067244962,0.031105,-0.335696,9.858125
1755067244964,0.020925,-0.341633,9.816266
1755067244966,0.017047,-0.333005,9.847754
1755067244969,0.017171,-0.322413,9.802772
1755067244970,0.020734,-0.322633,9.826742
1755067244971,0.026748,-0.344822,9.809456
1755067244974,0.036957,-0.336031,9.847352
1755067244976,0.041362,-0.32384,9.835821
1755067244978,0.024325,-0.316188,9.821159
1755067244980,0.019096,-0.306889,9.824453
1755067244982,0.014767,-0.314991,9.86909
1755067244984,0.019508,-0.325669,9.734067
1755067244987,0.025905,-0.325468,9.80168
1755067244988,0.031795,-0.315939,9.878927
1755067244989,0.022505,-0.314933,9.844355
1755067244992,0.025752,-0.322528,9.822805
1755067244994,0.014317,-0.316571,9.792821
1755067244996,0.015505,-0.313478,9.822261
1755067244998,0.016472,-0.317998,9.846652
1755067244999,0.026882,-0.334125,9.799756
1755067245001,0.039523,-0.346106,9.853749
1755067245004,0.038681,-0.336788,9.821139
1755067245006,0.028223,-0.312549,9.820938
1755067245007,0.026863,-0.307071,9.856909
1755067245009,0.013139,-0.324577,9.780793
1755067245012,0.012929,-0.32813,9.828963
1755067245014,0.028826,-0.337515,9.844086
1755067245015,0.024699,-0.322604,9.848061
1755067245018,0.02919,-0.317078,9.857159
1755067245019,0.017382,-0.323007,9.777058
1755067245021,0.013475,-0.339613,9.821705
1755067245023,0.030569,-0.346249,9.828332
1755067245025,0.024076,-0.338425,9.845378
1755067245028,0.00974,-0.315642,9.852944
1755067245030,0.014653,-0.326272,9.789086
1755067245032,0.030502,-0.33425,9.831301
1755067245034,0.051964,-0.338492,9.822539
1755067245036,0.049675,-0.32655,9.831617
1755067245037,0.04299,-0.32564,9.828954
1755067245039,0.027687,-0.336606,9.805587
1755067245042,0.031307,-0.339431,9.860682
1755067245044,0.039993,-0.342821,9.841414
1755067245046,0.016099,-0.338119,9.797313
1755067245048,0.026853,-0.336998,9.854793
1755067245050,0.036976,-0.343223,9.818105
1755067245052,0.05046,-0.338339,9.855589
1755067245054,0.031335,-0.332622,9.838494
1755067245056,0.006972,-0.320191,9.803729
1755067245058,0.018541,-0.32926,9.858048
1755067245059,0.028577,-0.333761,9.803595
1755067245061,0.035042,-0.333407,9.84625
1755067245064,0.033615,-0.323629,9.813114
1755067245066,0.027964,-0.325717,9.835112
1755067245068,0.044494,-0.331702,9.857684
1755067245070,0.044465,-0.323648,9.808565
1755067245072,0.037618,-0.329682,9.822796
1755067245073,0.033653,-0.336079,9.857004
1755067245075,0.037005,-0.329662,9.834577
1755067245078,0.035511,-0.324826,9.865317
1755067245080,0.031603,-0.307377,9.789804
1755067245082,0.021644,-0.308364,9.811563
1755067245085,0.020581,-0.309934,9.870059
1755067245086,0.017765,-0.319195,9.829837
1755067245089,0.018426,-0.330132,9.832221
1755067245090,0.024383,-0.333244,9.773275
1755067245091,0.021921,-0.333081,9.800472
1755067245093,0.030655,-0.322604,9.889814
1755067245096,0.038106,-0.320478,9.816208
1755067245097,0.043785,-0.32407,9.815805
1755067245099,0.057135,-0.329787,9.833236
1755067245101,0.026413,-0.334125,9.796202
1755067245103,0.026738,-0.34534,9.857091
1755067245106,0.03869,-0.359638,9.809159
1755067245108,0.033998,-0.343396,9.808661
1755067245109,0.04708,-0.329547,9.856192
1755067245111,0.035942,-0.32428,9.808661
1755067245115,0.033758,-0.320833,9.831416
1755067245116,0.028548,-0.32654,9.809237
1755067245118,0.021385,-0.338301,9.802725
1755067245119,0.033289,-0.338923,9.845082
1755067245122,0.039016,-0.342658,9.817501
1755067245124,0.041506,-0.346939,9.80008
1755067245125,0.049924,-0.339613,9.833245
1755067245127,0.050326,-0.339546,9.825479
1755067245130,0.036756,-0.338033,9.830717
1755067245131,0.032628,-0.329251,9.832067
1755067245134,0.033251,-0.324635,9.811603
1755067245136,0.035166,-0.336644,9.832038
1755067245137,0.026307,-0.336711,9.82454
1755067245140,0.011645,-0.333522,9.823238
1755067245141,0.017602,-0.32451,9.819023
1755067245144,0.011463,-0.323572,9.818047
1755067245146,0.00883,-0.330563,9.830323
1755067245148,0.008792,-0.335715,9.839651
1755067245149,0.011808,-0.331894,9.823009
1755067245151,0.007326,-0.318304,9.817107
1755067245153,0.013302,-0.31998,9.826657
1755067245156,0.016692,-0.337784,9.835439
1755067245157,0.006426,-0.332449,9.839039
1755067245159,0.01629,-0.32746,9.829387
1755067245162,0.030895,-0.326923,9.832747
1755067245164,0.025101,-0.324347,9.835391
1755067245166,0.036785,-0.319272,9.835466
1755067245168,0.043431,-0.31817,9.818687
1755067245170,0.053439,-0.322815,9.819571
1755067245172,0.043632,-0.324606,9.828274
1755067245173,0.03507,-0.322509,9.830649
1755067245175,0.023712,-0.324989,9.831071
1755067245178,0.02805,-0.320957,9.819866
1755067245179,0.037101,-0.328676,9.823793
1755067245182,0.041142,-0.336472,9.83267
1755067245186,0.038623,-0.333292,9.833187
1755067245187,0.040654,-0.340839,9.834098
1755067245188,0.042215,-0.347332,9.831272
1755067245189,0.03621,-0.346843,9.839278
1755067245192,0.032954,-0.335859,9.840695
1755067245194,0.023367,-0.337084,9.830247
1755067245195,0.027734,-0.344296,9.819272
1755067245197,0.036267,-0.344899,9.821714
1755067245200,0.032341,-0.341586,9.823649
1755067245203,0.034486,-0.341375,9.837296
1755067245204,0.03303,-0.337008,9.82998
1755067245205,0.034496,-0.344363,9.818334
1755067245208,0.028165,-0.339565,9.822883
1755067245209,0.03169,-0.330486,9.825968
1755067245212,0.034208,-0.324079,9.829232
1755067245214,0.028223,-0.325707,9.82027
1755067245216,0.019249,-0.33175,9.815758
1755067245218,0.015696,-0.326588,9.814963
1755067245219,0.020035,-0.333436,9.820488
1755067245222,0.021998,-0.331262,9.817395
1755067245223,0.012938,-0.341384,9.818047
1755067245226,0.020973,-0.332612,9.827173
1755067245227,0.030569,-0.330199,9.827728
1755067245230,0.029803,-0.328925,9.836004
1755067245232,0.030502,-0.335159,9.841499
1755067245233,0.033883,-0.332181,9.834701
1755067245235,0.038709,-0.335839,9.825449
1755067245237,0.042349,-0.335255,9.829605
1755067245240,0.046495,-0.34058,9.830976
1755067245242,0.036239,-0.328149,9.835706
1755067245244,0.045317,-0.322786,9.834528
1755067245246,0.037101,-0.333474,9.834327
1755067245248,0.026145,-0.334968,9.836329
1755067245249,0.025848,-0.33787,9.836893
1755067245251,0.024172,-0.33493,9.829626
1755067245253,0.018397,-0.330266,9.820976
1755067245256,0.014969,-0.329816,9.816171
1755067245258,0.01834,-0.330208,9.827538
1755067245259,0.02715,-0.335399,9.825295
1755067245262,0.033413,-0.326282,9.825698
1755067245265,0.033864,-0.344478,9.826073
1755067245266,0.038872,-0.347274,9.833486
1755067245268,0.032686,-0.346384,9.829127
1755067245269,0.018522,-0.339546,9.834078
1755067245272,0.010994,-0.335188,9.826752
1755067245274,0.021002,-0.333541,9.827787
1755067245276,0.028357,-0.329279,9.821695
1755067245277,0.024641,-0.330611,9.821275
1755067245280,0.020284,-0.336472,9.822796
1755067245282,0.026269,-0.325343,9.816246
1755067245284,0.02715,-0.330467,9.82091
1755067245286,0.020427,-0.335648,9.825535
1755067245288,0.027572,-0.342179,9.820546
1755067245290,0.022199,-0.334384,9.847725
1755067245292,0.005219,-0.335418,9.787832
1755067245293,0.01425,-0.342208,9.853327
1755067245296,0.02421,-0.341049,9.816476
1755067245297,0.021605,-0.346996,9.824395
1755067245299,0.027093,-0.328293,9.819904
1755067245302,0.036267,-0.326923,9.826024
1755067245304,0.043555,-0.33267,9.81913
1755067245306,0.04231,-0.32837,9.810817
1755067245307,0.042444,-0.334566,9.817922
1755067245309,0.044705,-0.333742,9.8261
1755067245313,0.029362,-0.330247,9.811563
1755067245314,0.013159,-0.317366,9.816716
1755067245316,0.025771,-0.319185,9.833062
1755067245318,0.028156,-0.326588,9.821859
1755067245319,0.017277,-0.323035,9.828015
1755067245321,0.022352,-0.322327,9.826579
1755067245324,0.029219,-0.340082,9.836905
1755067245326,0.031575,-0.336481,9.841002
1755067245327,0.026624,-0.336376,9.829193
1755067245330,0.034668,-0.331377,9.883696
1755067245332,0.020379,-0.335859,9.78789
1755067245334,0.024124,-0.33537,9.845254
1755067245336,0.043287,-0.348213,9.828074
1755067245339,0.040644,-0.346882,9.826302
1755067245340,0.026403,-0.333962,9.815106
1755067245342,0.023952,-0.327479,9.826579
1755067245344,0.014078,-0.327144,9.818898
1755067245346,0.026518,-0.335341,9.809323
1755067245347,0.028587,-0.340312,9.816161
1755067245350,0.031469,-0.341404,9.811468
1755067245353,0.028146,-0.328417,9.834729
1755067245354,0.030722,-0.33425,9.820938
1755067245356,0.034965,-0.340341,9.828897
1755067245357,0.035463,-0.351363,9.828504
1755067245359,0.032255,-0.353039,9.83246
1755067245361,0.028548,-0.347427,9.813393
1755067245364,0.025235,-0.338329,9.834002
1755067245366,0.029621,-0.334365,9.833216
1755067245368,0.026576,-0.329337,9.878285
1755067245370,0.010372,-0.329749,9.774961
1755067245371,0.020695,-0.348586,9.816887
1755067245373,0.040184,-0.345359,9.854026
1755067245375,0.040893,-0.340293,9.784384
1755067245377,0.037445,-0.323696,9.888829
1755067245379,0.035894,-0.313822,9.842582
1755067245382,0.037359,-0.317069,9.812463
1755067245384,0.044178,-0.318888,9.820681
1755067245386,0.033548,-0.315345,9.785571
1755067245387,0.049665,-0.321752,9.886367
1755067245389,0.054233,-0.314292,9.796891
1755067245392,0.034754,-0.327105,9.794095
1755067245393,0.066999,-0.331109,9.915185
1755067245395,0.02535,-0.326358,9.667069
1755067245397,0.00724,-0.333876,9.823323
1755067245400,0.049091,-0.361802,9.881944
1755067245402,0.054827,-0.3494,9.878457
1755067245404,0.044226,-0.326722,9.881483
1755067245406,0.015208,-0.317768,9.75732
1755067245407,0.006282,-0.331233,9.816887
1755067245409,0.029008,-0.341595,9.846728
1755067245411,0.023473,-0.329787,9.846747
1755067245414,0.037532,-0.327354,9.886683
1755067245416,0.041075,-0.327268,9.743435
1755067245418,0.042617,-0.335045,9.838426
1755067245420,0.050144,-0.335667,9.847983
1755067245421,0.040548,-0.31523,9.834116
1755067245424,0.034745,-0.32112,9.874932
1755067245426,0.031575,-0.338368,9.768497
1755067245427,0.045212,-0.34216,9.854735
1755067245429,0.050451,-0.342821,9.850407
1755067245431,0.030148,-0.32633,9.816092
1755067245434,0.011023,-0.315058,9.87184
1755067245436,0.013589,-0.32927,9.797015
1755067245438,0.054262,-0.32859,9.864628
1755067245439,0.045576,-0.327785,9.785638
1755067245442,0.02128,-0.322863,9.833139
1755067245444,0.02671,-0.304715,9.845686
1755067245445,0.029123,-0.321311,9.808115
1755067245447,0.044915,-0.334087,9.850109
1755067245450,0.03373,-0.317979,9.77678
1755067245452,0.022534,-0.315048,9.834671
1755067245453,0.039533,-0.318113,9.842878
1755067245455,0.031785,-0.326818,9.844996
1755067245458,0.042215,-0.324558,9.866247
1755067245459,0.030473,-0.319396,9.772088
1755067245461,0.014978,-0.325267,9.812022
1755067245464,0.0292,-0.336021,9.835927
1755067245466,0.027811,-0.338301,9.85192
1755067245468,0.042904,-0.33084,9.867587
1755067245470,0.018962,-0.308105,9.774281
1755067245472,0.02195,-0.309331,9.808576
1755067245473,0.052289,-0.320325,9.842429
1755067245475,0.040309,-0.332765,9.854239
1755067245477,0.041918,-0.324414,9.840284
1755067245479,0.023626,-0.310767,9.771417
1755067245481,0.013283,-0.31977,9.818535
1755067245484,0.043029,-0.32587,9.855156
1755067245487,0.032628,-0.323782,9.845743
1755067245488,0.031565,-0.326674,9.857369
1755067245491,0.022822,-0.330773,9.756382
1755067245491,0.017583,-0.336472,9.820221
1755067245496,0.037771,-0.346326,9.85396
1755067245496,0.029535,-0.333225,9.79215
1755067245497,0.024354,-0.324299,9.849237
1755067245499,0.017803,-0.315048,9.773477
1755067245502,0.017755,-0.321398,9.820575
1755067245504,0.022228,-0.323437,9.833006
1755067245507,0.0104,-0.315067,9.825555
1755067245508,0.024201,-0.318419,9.866189
1755067245509,0.024296,-0.314359,9.806584
1755067245512,0.028328,-0.318448,9.822012
1755067245514,0.052184,-0.327345,9.846489
1755067245516,0.034591,-0.327996,9.808939
1755067245518,0.048746,-0.342131,9.855618
1755067245520,0.03848,-0.335322,9.807177
1755067245522,0.026451,-0.333206,9.815615
1755067245524,0.026691,-0.32701,9.828217
1755067245526,0.008523,-0.325678,9.83722
1755067245528,0.022467,-0.32269,9.874588
1755067245529,0.024373,-0.319195,9.801987
1755067245532,0.021232,-0.329461,9.817433
1755067245534,0.038939,-0.338119,9.838387
1755067245536,0.058553,-0.334594,9.831291
1755067245537,0.060813,-0.332516,9.865241
1755067245540,0.054885,-0.337295,9.831981
1755067245541,0.043431,-0.324721,9.80711
1755067245544,0.040941,-0.335859,9.848424
1755067245546,0.028395,-0.330907,9.818132
1755067245547,0.034141,-0.324137,9.867464
1755067245550,0.035846,-0.330974,9.826445
1755067245552,0.031326,-0.337496,9.832536
1755067245554,0.037168,-0.337295,9.830295
1755067245556,0.032226,-0.340973,9.815022
1755067245558,0.037713,-0.347533,9.847821
1755067245559,0.028309,-0.334709,9.818554
1755067245562,0.023013,-0.331923,9.839431
1755067245564,0.013724,-0.333924,9.812309
1755067245566,0.022008,-0.341518,9.831857
1755067245568,0.023607,-0.345646,9.816772
1755067245569,0.02919,-0.335255,9.849027
1755067245572,0.030636,-0.328877,9.82747
1755067245574,0.024986,-0.335389,9.832316
1755067245576,0.024708,-0.337544,9.823457
1755067245577,0.019565,-0.335638,9.838284
1755067245580,0.024114,-0.3494,9.842765
1755067245582,0.029181,-0.359226,9.816877
1755067245584,0.012737,-0.358307,9.803432
1755067245587,0.014471,-0.338645,9.800272
1755067245587,0.019479,-0.336251,9.825008
1755067245590,0.025244,-0.340628,9.830256
1755067245591,0.028414,-0.33921,9.820066
1755067245594,0.023559,-0.343855,9.807455
1755067245596,0.026212,-0.340302,9.809026
1755067245598,0.039217,-0.331176,9.826129
1755067245599,0.05319,-0.332009,9.828916
1755067245601,0.056168,-0.331712,9.825133
1755067245605,0.042837,-0.321723,9.814034
1755067245606,0.030483,-0.318161,9.816208
1755067245608,0.028261,-0.329049,9.83155
1755067245609,0.024737,-0.340733,9.835381
1755067245611,0.027744,-0.333206,9.832832
1755067245614,0.021021,-0.331712,9.825058
1755067245616,0.019508,-0.330438,9.830093
1755067245619,0.022553,-0.333541,9.827394
1755067245620,0.025197,-0.335476,9.832651
1755067245622,0.025235,-0.327077,9.828189
1755067245624,0.035913,-0.326483,9.828053
1755067245626,0.031163,-0.327125,9.826207
1755067245627,0.027533,-0.334901,9.826215
1755067245630,0.023042,-0.326119,9.828944
1755067245632,0.030129,-0.321637,9.824884
1755067245635,0.044915,-0.326962,9.823715
1755067245636,0.027897,-0.32791,9.800138
1755067245638,0.027878,-0.322614,9.799967
1755067245639,0.031173,-0.32746,9.804409
1755067245644,0.039265,-0.334719,9.813671
1755067245645,0.033452,-0.34012,9.813602
1755067245646,0.022956,-0.341269,9.81595
1755067245647,0.024306,-0.333148,9.811219
1755067245649,0.034429,-0.332172,9.818812
1755067245652,0.025311,-0.332756,9.833849
1755067245654,0.019077,-0.335016,9.840868
1755067245656,0.016865,-0.338703,9.82027
1755067245657,0.008801,-0.344104,9.836128
1755067245659,0.010994,-0.346814,9.810605
1755067245662,0.021059,-0.329222,9.852446
1755067245664,0.031067,-0.329595,9.833139
1755067245666,0.029228,-0.330113,9.837248
1755067245668,0.026049,-0.324309,9.827461
1755067245669,0.015055,-0.329413,9.821964
1755067245671,0.015562,-0.325219,9.810835
1755067245674,0.016032,-0.331271,9.831158
1755067245675,0.032925,-0.340561,9.824903
1755067245677,0.041908,-0.344621,9.827662
1755067245679,0.043958,-0.340005,9.83561
1755067245681,0.041075,-0.340417,9.83245
1755067245684,0.031987,-0.345981,9.828074
1755067245685,0.031163,-0.344392,9.827154
1755067245688,0.040031,-0.33606,9.815681
1755067245689,0.034974,-0.336165,9.813899
1755067245691,0.035923,-0.32588,9.846212
1755067245694,0.030435,-0.330563,9.800386
1755067245695,0.024842,-0.337755,9.783426
1755067245697,0.028932,-0.333349,9.876197
1755067245700,0.030196,-0.347791,9.7974
1755067245701,0.033576,-0.341384,9.797849
1755067245703,0.033528,-0.335638,9.887239
1755067245705,0.026145,-0.34466,9.79148
1755067245707,0.031192,-0.336299,9.800886
1755067245709,0.044772,-0.335428,9.895398
1755067245711,0.01901,-0.333053,9.799889
1755067245714,0.010812,-0.336634,9.793501
1755067245716,0.033299,-0.333177,9.859389
1755067245718,0.034601,-0.326703,9.815988
1755067245720,0.040318,-0.324098,9.810107
1755067245722,0.039753,-0.33084,9.839269
1755067245724,0.033423,-0.323351,9.82362
1755067245725,0.035875,-0.321838,9.82814
1755067245727,0.043431,-0.324817,9.817606
1755067245729,0.031307,-0.316044,9.817942
1755067245731,0.035645,-0.312874,9.834604
1755067245735,0.029468,-0.317864,9.799448
1755067245736,0.028654,-0.318237,9.819982
1755067245738,0.036717,-0.317356,9.856182
1755067245740,0.040922,-0.33945,9.8053
1755067245741,0.036152,-0.332028,9.810175
1755067245743,0.034314,-0.337822,9.865422
1755067245745,0.037857,-0.349707,9.819616
1755067245748,0.032676,-0.332296,9.823534
1755067245750,0.038508,-0.336855,9.855301
1755067245752,0.03122,-0.341509,9.820047
1755067245754,0.025082,-0.333005,9.827364
1755067245755,0.030914,-0.33243,9.83809
1755067245757,0.031632,-0.336979,9.832585
1755067245759,0.031422,-0.336596,9.837507
1755067245762,0.027514,-0.341767,9.814388
1755067245764,0.032762,-0.340063,9.845896
1755067245766,0.023664,-0.342007,9.834902
1755067245772,0.015332,-0.336002,9.794411
1755067245773,0.029468,-0.327546,9.884279
1755067245774,0.026355,-0.333522,9.83808
1755067245775,0.025838,-0.332267,9.804562
1755067245776,0.036899,-0.334729,9.863421
1755067245777,0.040874,-0.348893,9.813124
1755067245779,0.038173,-0.344286,9.800282
1755067245781,0.038872,-0.336108,9.807504
1755067245784,0.035559,-0.337132,9.848433
1755067245787,0.026796,-0.34104,9.806726
1755067245788,0.038211,-0.331501,9.794525
1755067245790,0.03824,-0.323275,9.886395
1755067245791,0.039083,-0.330831,9.798261
1755067245793,0.030598,-0.322968,9.819665
1755067245795,0.039552,-0.330639,9.82973
1755067245799,0.032293,-0.349151,9.822089
1755067245800,0.024229,-0.335581,9.825785
1755067245801,0.029535,-0.331654,9.793234
1755067245804,0.034869,-0.330706,9.877844
1755067245806,0.030952,-0.335246,9.814236
1755067245808,0.03303,-0.325496,9.800216
1755067245809,0.041563,-0.32497,9.860912
1755067245811,0.020341,-0.331099,9.817406
1755067245814,0.024076,-0.32428,9.794439
1755067245815,0.013791,-0.316762,9.780687
1755067245817,0.015227,-0.320095,9.813602
1755067245820,0.013896,-0.330496,9.785352
1755067245822,0.029104,-0.335734,9.856718
1755067245824,0.024306,-0.329308,9.804341
1755067245825,0.024746,-0.32542,9.80665
1755067245827,0.037062,-0.32473,9.859121
1755067245829,0.03486,-0.321426,9.809773
1755067245832,0.039102,-0.314177,9.835965
1755067245835,0.048085,-0.320038,9.843147
1755067245836,0.039188,-0.329691,9.829673
1755067245837,0.033337,-0.33991,9.817301
1755067245839,0.039782,-0.338502,9.832842
1755067245842,0.033825,-0.329021,9.823065
1755067245845,0.032101,-0.320086,9.828524
1755067245846,0.043402,-0.34103,9.831866
1755067245848,0.031805,-0.342754,9.821331
1755067245849,0.032983,-0.342773,9.827509
1755067245851,0.020858,-0.336596,9.825439
1755067245854,0.031498,-0.325372,9.817051
1755067245856,0.045097,-0.327766,9.823265
1755067245857,0.030177,-0.330697,9.825804
1755067245860,0.027256,-0.330965,9.818334
1755067245862,0.03484,-0.328389,9.830526
1755067245865,0.021682,-0.33084,9.822576
1755067245867,0.022429,-0.337793,9.813449
1755067245868,0.028041,-0.3381,9.829387
1755067245871,0.028213,-0.34193,9.849191
1755067245872,0.022065,-0.34261,9.785888
1755067245874,0.028683,-0.344439,9.878036
1755067245876,0.038786,-0.333407,9.819798
1755067245877,0.025407,-0.33582,9.809314
1755067245879,0.041065,-0.338454,9.862358
1755067245881,0.042559,-0.331779,9.840504
1755067245884,0.039236,-0.323198,9.843578
1755067245886,0.042693,-0.322221,9.82363
1755067245888,0.034266,-0.314713,9.842859
1755067245889,0.022956,-0.322461,9.823505
1755067245892,0.017152,-0.340197,9.814857
1755067245894,0.021031,-0.33379,9.83834
1755067245896,0.024775,-0.329796,9.822941
1755067245897,0.03101,-0.331463,9.810424
1755067245900,0.044456,-0.33492,9.810145
1755067245902,0.045404,-0.331798,9.817768
1755067245903,0.044714,-0.325994,9.816371
1755067245908,0.038872,-0.328255,9.826665
1755067245909,0.044848,-0.335227,9.806286
1755067245909,0.038642,-0.323409,9.810855
1755067245912,0.038192,-0.321829,9.822375
1755067245914,0.024402,-0.318458,9.816754
1755067245916,0.022458,-0.325554,9.83876
1755067245919,0.02579,-0.315728,9.841155
1755067245920,0.03168,-0.321465,9.830976
1755067245921,0.035607,-0.328963,9.848481
1755067245924,0.032417,-0.339105,9.812837
1755067245925,0.02603,-0.327977,9.828649
1755067245928,0.022965,-0.323562,9.822231
1755067245929,0.018847,-0.325564,9.833666
1755067245931,0.026413,-0.330898,9.823907
1755067245935,0.029841,-0.338119,9.830161
1755067245936,0.032159,-0.331099,9.808883
1755067245938,0.030311,-0.32746,9.797782
1755067245939,0.035626,-0.32859,9.830333
1755067245941,0.026633,-0.331501,9.807971
1755067245943,0.036574,-0.339488,9.831521
1755067245945,0.037263,-0.340628,9.810643
1755067245948,0.03055,-0.332717,9.830142
1755067245950,0.032456,-0.332756,9.819205
1755067245952,0.028912,-0.325267,9.83585
1755067245953,0.031134,-0.320708,9.814991
1755067245955,0.024354,-0.318429,9.836856
1755067245957,0.030397,-0.321053,9.825881
1755067245959,0.045921,-0.321522,9.816628
1755067245962,0.05544,-0.330572,9.828427
1755067245964,0.053381,-0.34081,9.822453
1755067245966,0.048325,-0.343434,9.819186
1755067245968,0.041343,-0.334652,9.827326
1755067245969,0.026307,-0.337544,9.8311
1755067245971,0.030866,-0.334671,9.843147
1755067245973,0.042818,-0.327862,9.834548
1755067245976,0.040998,-0.331664,9.825804
1755067245978,0.036248,-0.323725,9.822643
1755067245979,0.029621,-0.327354,9.828131
1755067245982,0.030761,-0.331137,9.822433
1755067245984,0.035013,-0.33244,9.832958
1755067245986,0.034524,-0.322968,9.833495
1755067245988,0.034783,-0.310011,9.822767
1755067245989,0.035779,-0.313956,9.838713
1755067245991,0.028127,-0.327929,9.839412
1755067245994,0.028319,-0.324501,9.824578
1755067245995,0.029659,-0.329375,9.822528
1755067245997,0.028453,-0.338942,9.819819
1755067246000,0.030866,-0.330687,9.819004
1755067246003,0.036516,-0.341126,9.830976
1755067246004,0.04164,-0.345483,9.825881
1755067246005,0.04231,-0.333187,9.828494
1755067246008,0.0421,-0.336548,9.817655
1755067246009,0.03756,-0.325832,9.816581
1755067246011,0.039274,-0.334365,9.815278
1755067246014,0.036641,-0.33401,9.816553
1755067246016,0.026154,-0.326933,9.823534
1755067246018,0.030301,-0.33086,9.819416
1755067246019,0.027581,-0.320584,9.811735
1755067246021,0.03982,-0.331377,9.82023
1755067246024,0.04232,-0.346,9.817386
1755067246025,0.037934,-0.355424,9.822892
1755067246028,0.033232,-0.348826,9.820565
1755067246030,0.025503,-0.336558,9.834596
1755067246031,0.024411,-0.337142,9.831158
1755067246034,0.024469,-0.337084,9.835744
1755067246036,0.01583,-0.332526,9.832536
1755067246038,0.020954,-0.331559,9.834729
1755067246039,0.027102,-0.327776,9.825114
1755067246041,0.034026,-0.337257,9.822404
1755067246045,0.030244,-0.346929,9.823679
1755067246047,0.032293,-0.345751,9.835151
1755067246048,0.033998,-0.339479,9.828974
1755067246050,0.023789,-0.335179,9.831243
1755067246052,0.024718,-0.326828,9.827584
1755067246054,0.029803,-0.331003,9.829079
1755067246056,0.034151,-0.335523,9.82363
1755067246057,0.025608,-0.332095,9.823955
1755067246059,0.034122,-0.332057,9.819061
1755067246062,0.031489,-0.33244,9.821302
1755067246064,0.03258,-0.328178,9.827441
1755067246066,0.029736,-0.332794,9.818747
1755067246068,0.018148,-0.338023,9.818007
1755067246070,0.024402,-0.339718,9.833198
1755067246071,0.029295,-0.351632,9.831003
1755067246074,0.034065,-0.346221,9.830037
1755067246076,0.028817,-0.343281,9.836905
1755067246078,0.020504,-0.339881,9.830076
1755067246079,0.017267,-0.338598,9.832047
1755067246081,0.021002,-0.332229,9.827288
1755067246085,0.034093,-0.319693,9.83517
1755067246086,0.048708,-0.323505,9.83244
1755067246088,0.046639,-0.331166,9.836875
1755067246090,0.036401,-0.335782,9.834002
1755067246091,0.029171,-0.329844,9.83359
1755067246093,0.015275,-0.324568,9.829701
1755067246096,0.032006,-0.321225,9.832585
1755067246098,0.032935,-0.323983,9.82566
1755067246100,0.022027,-0.325726,9.833035
1755067246102,0.011128,-0.338033,9.836004
1755067246104,0.012479,-0.326473,9.825958
1755067246106,0.018349,-0.317893,9.827451
1755067246108,0.021845,-0.325889,9.81976
1755067246110,0.032274,-0.318687,9.821074
1755067246113,0.027035,-0.314981,9.774012
1755067246115,0.041496,-0.332851,9.915854
1755067246116,0.043527,-0.340599,9.76795
1755067246119,0.036047,-0.331856,9.778283
1755067246120,0.053285,-0.325592,9.918201
1755067246121,0.019221,-0.323524,9.815288
1755067246124,0.003859,-0.331147,9.724395
1755067246125,0.015735,-0.329969,9.843205
1755067246127,0.031661,-0.322451,9.893808
1755067246129,0.042234,-0.321647,9.804515
1755067246132,0.041286,-0.340666,9.73129
1755067246135,0.034381,-0.337056,9.833772
1755067246136,0.037321,-0.324232,9.902304
1755067246137,0.027131,-0.322614,9.752398
1755067246139,0.018876,-0.333369,9.723514
1755067246142,0.033768,-0.321216,9.904239
1755067246143,0.032293,-0.322844,9.869695
1755067246146,0.025513,-0.334077,9.781282
1755067246148,0.036995,-0.341557,9.757856
1755067246150,0.031824,-0.316408,9.902715
1755067246152,0.044561,-0.321714,9.907187
1755067246153,0.026729,-0.330639,9.733732
1755067246156,0.021232,-0.344459,9.752111
1755067246158,0.045624,-0.344688,9.901939
1755067246159,0.046677,-0.354773,9.849392
1755067246162,0.042377,-0.348797,9.822711
1755067246165,0.036689,-0.347274,9.781989
1755067246166,0.043795,-0.322911,9.8818
1755067246168,0.045289,-0.322939,9.858173
1755067246169,0.022017,-0.31773,9.742266
1755067246172,0.029755,-0.333139,9.789499
1755067246173,0.043977,-0.339661,9.875459
1755067246175,0.033337,-0.333713,9.845838
1755067246177,0.031307,-0.322815,9.828792
1755067246179,0.014509,-0.32587,9.771265
1755067246181,0.017813,-0.323639,9.853336
1755067246184,0.029181,-0.32881,9.877738
1755067246185,0.019661,-0.329873,9.750473
1755067246188,0.031948,-0.334154,9.803672
1755067246190,0.039811,-0.336941,9.85985
1755067246191,0.038537,-0.328197,9.849362
1755067246193,0.040433,-0.321541,9.832623
1755067246196,0.029219,-0.317203,9.777651
1755067246198,0.027466,-0.314627,9.825497
1755067246200,0.029832,-0.326492,9.845178
1755067246203,0.027869,-0.338598,9.769827
1755067246205,0.028635,-0.3399,9.823256
1755067246206,0.026145,-0.339316,9.851296
1755067246208,0.012431,-0.335045,9.822989
1755067246209,0.014097,-0.33152,9.848107
1755067246211,0.0095,-0.325257,9.813354
1755067246214,0.019929,-0.319932,9.855349
1755067246216,0.028462,-0.330208,9.856823
1755067246218,0.012325,-0.327584,9.782096
1755067246219,0.021059,-0.343606,9.810605
1755067246221,0.040146,-0.343654,9.863126
1755067246223,0.036363,-0.345081,9.782987
1755067246225,0.035769,-0.33265,9.844652
1755067246228,0.02603,-0.32836,9.806075
1755067246231,0.016194,-0.325631,9.833236
1755067246231,0.030722,-0.337918,9.844861
1755067246235,0.020399,-0.342313,9.76345
1755067246238,0.027955,-0.34261,9.808269
1755067246239,0.030722,-0.335859,9.866007
1755067246240,0.019872,-0.330093,9.817531
1755067246241,0.024957,-0.334633,9.795904
1755067246245,0.028759,-0.331022,9.837067
1755067246245,0.022075,-0.325947,9.836261
1755067246248,0.022582,-0.325631,9.84352
1755067246250,0.024277,-0.328599,9.769003
1755067246252,0.034429,-0.329136,9.846652
1755067246253,0.057681,-0.335926,9.853355
1755067246256,0.045978,-0.33695,9.743241
1755067246258,0.039073,-0.335667,9.814301
1755067246259,0.048487,-0.337171,9.861152
1755067246262,0.045777,-0.359446,9.776694
1755067246264,0.032341,-0.35528,9.774665
1755067246266,0.024392,-0.336136,9.874396
1755067246270,0.015792,-0.330879,9.822539
1755067246271,0.032063,-0.325104,9.804065
1755067246272,0.04346,-0.324998,9.824875
1755067246273,0.036727,-0.320325,9.855885
1755067246275,0.024689,-0.328733,9.815547
1755067246278,0.009989,-0.343118,9.77519
1755067246279,0.004262,-0.332306,9.842564
1755067246281,0.010678,-0.331156,9.85102
1755067246284,0.015237,-0.335715,9.790944
1755067246285,0.026805,-0.331798,9.793252
1755067246287,0.039504,-0.329174,9.863842
1755067246289,0.036152,-0.3347,9.798654
1755067246292,0.032542,-0.334345,9.828504
1755067246293,0.024565,-0.330007,9.846403
1755067246295,0.019106,-0.326818,9.800176
1755067246297,0.030847,-0.311601,9.854965
1755067246300,0.03666,-0.315393,9.842477
1755067246303,0.032504,-0.327642,9.808087
1755067246304,0.034275,-0.333474,9.841653
1755067246305,0.027007,-0.336251,9.820279
1755067246308,0.031173,-0.328408,9.841729
1755067246309,0.028884,-0.336146,9.81049
1755067246311,0.027869,-0.332622,9.819646
1755067246314,0.019575,-0.322298,9.848175
1755067246316,0.035683,-0.319023,9.85756
1755067246318,0.043402,-0.331348,9.812089
1755067246320,0.040127,-0.334796,9.802618
1755067246322,0.037168,-0.331875,9.840695
1755067246324,0.036306,-0.321235,9.817013
1755067246326,0.03146,-0.325611,9.804045
1755067246328,0.018426,-0.325592,9.826657
1755067246329,0.014921,-0.32451,9.832786
1755067246331,0.020408,-0.331425,9.821112
1755067246334,0.020016,-0.332143,9.804935
1755067246335,0.027648,-0.331415,9.834614
1755067246337,0.036009,-0.332526,9.836041
1755067246340,0.029707,-0.332325,9.815192
1755067246341,0.02444,-0.336472,9.812847
1755067246343,0.02511,-0.337965,9.834557
1755067246345,0.026279,-0.334393,9.82973
1755067246347,0.032599,-0.33922,9.812176
1755067246350,0.040376,-0.338205,9.828802
1755067246352,0.050135,-0.34556,9.828763
1755067246353,0.057863,-0.342112,9.817395
1755067246355,0.043852,-0.339115,9.821829
1755067246358,0.043967,-0.345215,9.833282
1755067246359,0.034266,-0.345301,9.840705
1755067246361,0.02127,-0.345569,9.832038
1755067246364,0.018177,-0.34737,9.820183
1755067246367,0.031766,-0.340695,9.828217
1755067246368,0.034371,-0.336472,9.822576
1755067246370,0.036449,-0.328283,9.809926
1755067246372,0.041027,-0.319061,9.824108
1755067246374,0.040788,-0.325449,9.821705
1755067246376,0.034783,-0.329816,9.825871
1755067246378,0.029602,-0.33062,9.812827
1755067246379,0.035942,-0.329576,9.811582
1755067246382,0.033538,-0.334164,9.831358
1755067246384,0.029295,-0.332966,9.832709
1755067246386,0.030531,-0.329998,9.821236
1755067246388,0.038767,-0.324548,9.829634
1755067246389,0.027591,-0.325784,9.829462
1755067246391,0.022889,-0.324807,9.833245
1755067246393,0.025043,-0.322336,9.832249
1755067246395,0.019269,-0.32473,9.835859
1755067246397,0.017487,-0.336826,9.838876
1755067246400,0.018838,-0.332986,9.828008
1755067246401,0.030148,-0.32995,9.829931
1755067246404,0.030157,-0.339335,9.832469
1755067246406,0.03303,-0.330314,9.817395
1755067246408,0.033691,-0.336424,9.822892
1755067246410,0.034496,-0.331702,9.827021
1755067246411,0.026058,-0.338655,9.825182
1755067246414,0.024986,-0.336041,9.826914
1755067246416,0.023885,-0.317873,9.821714
1755067246418,0.034572,-0.323169,9.826962
1755067246419,0.032283,-0.326176,9.823074
1755067246422,0.030885,-0.332306,9.831282
1755067246424,0.035223,-0.33086,9.835276
1755067246425,0.040606,-0.327058,9.819099
1755067246427,0.030138,-0.329164,9.828944
1755067246429,0.031105,-0.32971,9.824923
1755067246432,0.030004,-0.32971,9.819819
1755067246434,0.033059,-0.324175,9.829682
1755067246436,0.04344,-0.32858,9.833733
1755067246438,0.041353,-0.343558,9.829626
1755067246439,0.041132,-0.338818,9.840964
1755067246441,0.039418,-0.330342,9.846806
1755067246444,0.031508,-0.33515,9.834969
1755067246445,0.02943,-0.32948,9.824933
1755067246448,0.030617,-0.326425,9.829693
1755067246451,0.029161,-0.332114,9.831272
1755067246452,0.02375,-0.338301,9.835985
1755067246453,0.033595,-0.342706,9.826435
1755067246456,0.035693,-0.344851,9.827011
1755067246457,0.030215,-0.340436,9.829462
1755067246460,0.021749,-0.328044,9.832689
1755067246461,0.02603,-0.315268,9.825535
1755067246465,0.027284,-0.313698,9.834682
1755067246466,0.027801,-0.310748,9.830152
1755067246468,0.032906,-0.317193,9.825019
1755067246469,0.032485,-0.326502,9.813526
1755067246472,0.038451,-0.333215,9.821226
1755067246474,0.042502,-0.331243,9.822999
1755067246476,0.046026,-0.333522,9.827479
1755067246477,0.036287,-0.343261,9.834241
1755067246479,0.030646,-0.341461,9.826244
1755067246482,0.032896,-0.34216,9.834758
1755067246484,0.037369,-0.34714,9.823869
1755067246486,0.0319,-0.334096,9.831943
1755067246488,0.027505,-0.325717,9.826953
1755067246490,0.026058,-0.322547,9.833149
1755067246491,0.021059,-0.324481,9.830679
1755067246493,0.029784,-0.326071,9.835591
1755067246496,0.029611,-0.340532,9.820191
1755067246498,0.034409,-0.338396,9.803767
1755067246500,0.035721,-0.335705,9.861536
1755067246502,0.023511,-0.336529,9.806027
1755067246504,0.023703,-0.323093,9.780716
1755067246506,0.039983,-0.333589,9.880067
1755067246508,0.026882,-0.334326,9.802704
1755067246510,0.021126,-0.328188,9.808336
1755067246512,0.023396,-0.332037,9.816016
1755067246514,0.019757,-0.333541,9.780917
1755067246517,0.029257,-0.339469,9.862138
1755067246518,0.02693,-0.331817,9.807406
1755067246522,0.019403,-0.315757,9.79039
1755067246524,0.027763,-0.313238,9.833379
1755067246524,0.019987,-0.315048,9.798779
1755067246525,0.020791,-0.321225,9.867395
1755067246528,0.024555,-0.324922,9.799199
1755067246529,0.020427,-0.334556,9.768257
1755067246532,0.036708,-0.336883,9.828963
1755067246535,0.028932,-0.330476,9.82044
1755067246536,0.033107,-0.337008,9.885132
1755067246538,0.038432,-0.338167,9.803355
1755067246540,0.038662,-0.327967,9.746795
1755067246541,0.051705,-0.334719,9.855913
1755067246543,0.048229,-0.339546,9.86685
1755067246546,0.042195,-0.347063,9.895341
1755067246548,0.026317,-0.344583,9.74283
1755067246550,0.014413,-0.327556,9.783915
1755067246552,0.031374,-0.315642,9.883561
1755067246554,0.02624,-0.314043,9.898549
1755067246555,0.025091,-0.323265,9.835515
1755067246557,0.025177,-0.329864,9.773075
1755067246559,0.035511,-0.338147,9.842937
1755067246562,0.020571,-0.327565,9.804571
1755067246564,0.007345,-0.315537,9.805999
1755067246566,0.028548,-0.32678,9.896701
1755067246568,0.027476,-0.316944,9.846451
1755067246569,0.010774,-0.307808,9.838206
1755067246572,0.033959,-0.322135,9.849094
1755067246573,0.042138,-0.320019,9.824981
1755067246575,0.030732,-0.328341,9.752015
1755067246578,0.037168,-0.333953,9.907877
1755067246579,0.044101,-0.329222,9.793051
1755067246581,0.022994,-0.334662,9.826724
1755067246583,0.039322,-0.330103,9.892678
1755067246585,0.018062,-0.327249,9.709886
1755067246587,0.033864,-0.338301,10.007734
1755067246590,0.029985,-0.334604,9.741855
1755067246591,0.03235,-0.342601,9.878351
1755067246593,0.030713,-0.333742,9.826598
1755067246595,0.009835,-0.333915,9.77134
1755067246597,0.022256,-0.330917,9.938504
1755067246600,0.017114,-0.325458,9.727211
1755067246601,0.039859,-0.325918,9.915442
1755067246604,0.027801,-0.328982,9.721666
1755067246605,0.034582,-0.337563,9.914945
1755067246607,0.030895,-0.329662,9.773035
1755067246609,0.034764,-0.324194,9.852781
1755067246611,0.031441,-0.319339,9.780295
1755067246614,0.049033,-0.3193,9.876122
1755067246615,0.038125,-0.314512,9.782449
1755067246618,0.042148,-0.314838,9.867905
1755067246619,0.037407,-0.323974,9.792016
1755067246621,0.047654,-0.327536,9.847035
1755067246624,0.039016,-0.330649,9.787898
1755067246625,0.039523,-0.320411,9.859466
1755067246627,0.032552,-0.327623,9.804447
1755067246629,0.042933,-0.330687,9.82769
1755067246632,0.040931,-0.326215,9.809216
1755067246634,0.037206,-0.323524,9.822193
1755067246636,0.032829,-0.318927,9.84855
1755067246637,0.033404,-0.326263,9.780832
1755067246639,0.034754,-0.326387,9.854554
1755067246641,0.022812,-0.334652,9.785391
1755067246644,0.023128,-0.339919,9.864982
1755067246645,0.039485,-0.333704,9.791968
1755067246648,0.057729,-0.338253,9.867914
1755067246650,0.049206,-0.327067,9.809648
1755067246652,0.049598,-0.340494,9.835726
1755067246654,0.02942,-0.332124,9.826283
1755067246656,0.024248,-0.327737,9.814523
1755067246657,0.022458,-0.321963,9.814837
1755067246659,0.039591,-0.326071,9.826648
1755067246661,0.044398,-0.326943,9.819177
1755067246664,0.044877,-0.325745,9.825449
1755067246666,0.04074,-0.32111,9.82158
1755067246669,0.038432,-0.328513,9.829261
1755067246670,0.029123,-0.339105,9.827997
1755067246671,0.024239,-0.333713,9.848386
1755067246673,0.019422,-0.335964,9.804791
1755067246675,0.023444,-0.339632,9.85147
1755067246677,0.029315,-0.330476,9.825094
1755067246679,0.033136,-0.326962,9.827278
1755067246682,0.029276,-0.329595,9.828609
1755067246684,0.02738,-0.323754,9.83403
1755067246685,0.038001,-0.325209,9.80532
1755067246687,0.035109,-0.330285,9.832929
1755067246690,0.028644,-0.334719,9.798759
1755067246692,0.023042,-0.324012,9.830113
1755067246694,0.020676,-0.331252,9.822788
1755067246696,0.019441,-0.334393,9.818458
1755067246698,0.02988,-0.330208,9.822835
1755067246700,0.035511,-0.336261,9.814686
1755067246703,0.037857,-0.345139,9.830314
1755067246704,0.042013,-0.335792,9.806344
1755067246706,0.035271,-0.313918,9.831416
1755067246708,0.018244,-0.31637,9.799362
1755067246710,0.020868,-0.317711,9.836701
1755067246712,0.030042,-0.324347,9.812348
1755067246714,0.030627,-0.336998,9.852303
1755067246716,0.024574,-0.336223,9.815489
1755067246718,0.018876,-0.335332,9.839518
1755067246719,0.021548,-0.332804,9.819166
1755067246721,0.020753,-0.336711,9.832067
1755067246724,0.034199,-0.338368,9.832929
1755067246725,0.033337,-0.333426,9.812922
1755067246728,0.029851,-0.322116,9.831061
1755067246729,0.02194,-0.319549,9.829617
1755067246731,0.025024,-0.334882,9.815078
1755067246733,0.02762,-0.334049,9.832335
1755067246735,0.036746,-0.320162,9.826571
1755067246737,0.044427,-0.314014,9.830055
1755067246740,0.0387,-0.317768,9.825171
1755067246741,0.030914,-0.322748,9.820872
1755067246743,0.032121,-0.325573,9.829797
1755067246745,0.024153,-0.324817,9.817262
1755067246747,0.018138,-0.333771,9.826418
1755067246750,0.020169,-0.339699,9.8329
1755067246752,0.025618,-0.334058,9.843664
1755067246753,0.024881,-0.343961,9.844766
1755067246755,0.021921,-0.347111,9.828151
1755067246757,0.027687,-0.346556,9.837746
1755067246760,0.020389,-0.348759,9.823544
1755067246761,0.033595,-0.350961,9.837756
1755067246764,0.037426,-0.351009,9.827614
1755067246765,0.039227,-0.342438,9.84172
1755067246769,0.037053,-0.336328,9.83809
1755067246770,0.033892,-0.333397,9.832221
1755067246771,0.023147,-0.328868,9.827872
1755067246774,0.02172,-0.33289,9.82452
1755067246775,0.028797,-0.322269,9.814053
1755067246778,0.032303,-0.32089,9.814073
1755067246779,0.027399,-0.33267,9.802638
1755067246781,0.025302,-0.335753,9.821197
1755067246785,0.03033,-0.330256,9.819081
1755067246787,0.023693,-0.327862,9.831195
1755067246788,0.022458,-0.331817,9.826234
1755067246789,0.034151,-0.324022,9.829079
1755067246792,0.030502,-0.335782,9.834566
1755067246793,0.033586,-0.330649,9.841749
1755067246795,0.035434,-0.333627,9.832259
1755067246798,0.029544,-0.332775,9.829021
1755067246800,0.03395,-0.334441,9.823668
1755067246801,0.034199,-0.332459,9.826198
1755067246804,0.030809,-0.32655,9.819492
1755067246806,0.031354,-0.33448,9.826972
1755067246807,0.033615,-0.326856,9.82091
1755067246809,0.03305,-0.328542,9.824961
1755067246812,0.020753,-0.337496,9.82795
1755067246815,0.025647,-0.335523,9.81912
1755067246817,0.026863,-0.33221,9.826531
1755067246818,0.042186,-0.337391,9.824693
1755067246819,0.042971,-0.337094,9.821275
1755067246823,0.043048,-0.334604,9.811152
1755067246824,0.04232,-0.333531,9.80417
1755067246826,0.038403,-0.342026,9.809868
1755067246827,0.032868,-0.341758,9.814781
1755067246829,0.026652,-0.327919,9.81931
1755067246832,0.027485,-0.318841,9.803911
1755067246834,0.033059,-0.327766,9.807809
1755067246835,0.039054,-0.331358,9.817252
1755067246838,0.037828,-0.333369,9.835571
1755067246840,0.033931,-0.342735,9.835179
1755067246841,0.02805,-0.34239,9.837296
1755067246844,0.02172,-0.341806,9.832287
1755067246845,0.023415,-0.339392,9.822672
1755067246848,0.03009,-0.334211,9.813105
1755067246850,0.036823,-0.333828,9.820872
1755067246851,0.027725,-0.334604,9.820642
1755067246853,0.023597,-0.336864,9.824933
1755067246855,0.02965,-0.337104,9.831875
1755067246857,0.022601,-0.330256,9.835208
1755067246860,0.021088,-0.331281,9.822251
1755067246862,0.030397,-0.327919,9.823821
1755067246865,0.032887,-0.335054,9.834604
1755067246866,0.018656,-0.336845,9.824789
1755067246867,0.006407,-0.340858,9.823104
1755067246870,0.012067,-0.339546,9.820125
1755067246872,0.02127,-0.332009,9.825019
1755067246874,0.013858,-0.323505,9.833159
1755067246875,0.016338,-0.330314,9.843799
1755067246878,0.032848,-0.34351,9.831158
1755067246879,0.040395,-0.333723,9.825335
1755067246882,0.039236,-0.335408,9.827394
1755067246885,0.039782,-0.334786,9.822979
1755067246886,0.035875,-0.333589,9.826168
1755067246888,0.0448,-0.330716,9.831676
1755067246890,0.045011,-0.33129,9.835315
1755067246892,0.049311,-0.329356,9.833101
1755067246893,0.045653,-0.328178,9.829012
1755067246895,0.03735,-0.329078,9.833561
1755067246898,0.039054,-0.339306,9.835495
1755067246900,0.036957,-0.343156,9.833474
1755067246901,0.035042,-0.346211,9.831446
1755067246903,0.029094,-0.341011,9.821675
1755067246906,0.035377,-0.337965,9.849401
1755067246907,0.033442,-0.320162,9.819665
1755067246909,0.029123,-0.320813,9.83876
1755067246911,0.034831,-0.329806,9.836675
1755067246915,0.040797,-0.347619,9.829903
1755067246917,0.041247,-0.347868,9.834452
1755067246918,0.047166,-0.334614,9.831291
1755067246920,0.038585,-0.316916,9.826435
1755067246922,0.038499,-0.328954,9.824875
1755067246924,0.038298,-0.332919,9.816171
1755067246926,0.032082,-0.342744,9.827814
1755067246928,0.037407,-0.336606,9.831427
1755067246929,0.045021,-0.331827,9.821216
1755067246931,0.045404,-0.332832,9.832718
1755067246934,0.046064,-0.32948,9.825295
1755067246936,0.044388,-0.339134,9.812588
1755067246937,0.043211,-0.336721,9.819674
1755067246940,0.04277,-0.326933,9.81686
1755067246941,0.048966,-0.324673,9.814982
1755067246944,0.041812,-0.328628,9.833915
1755067246946,0.029918,-0.335514,9.83788
1755067246947,0.026566,-0.325659,9.816485
1755067246951,0.028587,-0.317098,9.841175
1755067246952,0.027859,-0.322729,9.833053
1755067246954,0.029717,-0.326119,9.822136
1755067246955,0.02942,-0.322949,9.82251
1755067246957,0.018598,-0.331166,9.835639
1755067246959,0.019814,-0.333349,9.817165
1755067246961,0.023367,-0.328686,9.829051
1755067246964,0.024938,-0.31726,9.829539
1755067246967,0.031987,-0.327354,9.836215
1755067246967,0.02986,-0.324232,9.830171
1755067246971,0.034419,-0.336261,9.824838
1755067246972,0.027371,-0.340092,9.824291
1755067246974,0.030655,-0.33854,9.824175
1755067246976,0.033327,-0.343884,9.828888
1755067246977,0.035865,-0.33989,9.844095
1755067246979,0.032082,-0.331942,9.832767
1755067246982,0.037101,-0.335341,9.831923
1755067246984,0.030588,-0.325573,9.827633
1755067246986,0.032264,-0.323045,9.830132
1755067246987,0.038595,-0.321838,9.828447
1755067246989,0.035808,-0.324127,9.82568
1755067246992,0.040558,-0.336941,9.823429
1755067246993,0.04118,-0.33085,9.825191
1755067246995,0.035185,-0.321177,9.83472
1755067246998,0.025781,-0.318362,9.83836
1755067247000,0.019862,-0.32745,9.832508
1755067247001,0.027246,-0.345416,9.830526
1755067247004,0.031967,-0.344679,9.829079
1755067247006,0.030847,-0.331434,9.827347
1755067247008,0.02422,-0.332775,9.834021
1755067247009,0.028644,-0.339785,9.823371
1755067247011,0.029449,-0.328935,9.827824
1755067247014,0.024995,-0.333206,9.831263
1755067247016,0.015505,-0.335322,9.824003
1755067247018,0.026624,-0.342706,9.826418
1755067247020,0.025244,-0.33808,9.823975
1755067247022,0.022611,-0.331013,9.819416
1755067247024,0.030914,-0.335131,9.835688
1755067247026,0.034189,-0.335217,9.829693
1755067247027,0.026317,-0.331702,9.825851
1755067247029,0.030291,-0.340341,9.828609
1755067247031,0.028481,-0.343223,9.829998
1755067247033,0.029765,-0.3399,9.817922
1755067247036,0.029113,-0.330065,9.83155
1755067247038,0.024986,-0.328896,9.829184
1755067247039,0.031096,-0.333091,9.826598
1755067247041,0.039849,-0.334853,9.831866
1755067247044,0.040768,-0.3365,9.827011
1755067247045,0.035798,-0.33559,9.824693
1755067247048,0.037158,-0.343817,9.833437
1755067247050,0.036641,-0.331817,9.841989
1755067247051,0.032475,-0.332784,9.83562
1755067247053,0.031077,-0.329136,9.824319
1755067247056,0.041094,-0.332727,9.823869
1755067247057,0.032944,-0.33107,9.810883
1755067247059,0.029343,-0.328456,9.82317
1755067247061,0.029439,-0.345033,9.821034
1755067247064,0.030157,-0.340484,9.819244
1755067247066,0.039916,-0.336366,9.820201
1755067247067,0.040788,-0.343099,9.822299
1755067247069,0.019106,-0.343779,9.824608
1755067247071,0.022936,-0.339364,9.82589
1755067247073,0.02083,-0.326531,9.812283
1755067247075,0.016395,-0.31999,9.813833
1755067247077,0.019901,-0.321465,9.826024
1755067247079,0.017324,-0.323581,9.825392
1755067247082,0.018263,-0.321015,9.838054
1755067247084,0.022094,-0.316102,9.832709
1755067247085,0.025963,-0.317758,9.83899
1755067247087,0.025197,-0.322336,9.841499
1755067247089,0.024268,-0.324903,9.832958
1755067247091,0.02965,-0.324989,9.823457
1755067247093,0.038144,-0.334652,9.829079
1755067247095,0.023645,-0.335025,9.822805
1755067247098,0.014068,-0.335121,9.819904
1755067247100,0.024517,-0.338483,9.815097
1755067247102,0.03032,-0.336721,9.814082
1755067247103,0.036689,-0.325851,9.816802
1755067247105,0.030282,-0.319377,9.824569
1755067247107,0.032657,-0.327096,9.829856
1755067247110,0.018186,-0.321082,9.826503
1755067247111,0.01947,-0.318074,9.831109
1755067247114,0.01923,-0.322901,9.83268
1755067247116,0.026269,-0.330649,9.825152
1755067247118,0.032082,-0.335868,9.826138
1755067247119,0.026614,-0.341787,9.828667
1755067247121,0.027236,-0.337554,9.832316
1755067247124,0.031402,-0.341557,9.816065
1755067247126,0.027744,-0.338128,9.814857
1755067247128,0.020686,-0.327728,9.815231
1755067247129,0.029286,-0.315316,9.817557
1755067247131,0.033145,-0.328705,9.822471
1755067247133,0.038786,-0.342562,9.824884
1755067247136,0.034036,-0.355587,9.824119
1755067247138,0.031891,-0.357569,9.826972
1755067247139,0.037407,-0.34624,9.832727
1755067247141,0.036306,-0.339957,9.827652
1755067247144,0.033174,-0.33469,9.828667
1755067247145,0.032887,-0.33832,9.826512
1755067247147,0.035865,-0.335217,9.820086
1755067247151,0.034773,-0.324012,9.80892
1755067247152,0.038231,-0.321829,9.813401
1755067247154,0.032063,-0.319865,9.814541
1755067247156,0.025407,-0.325947,9.820509
1755067247157,0.025417,-0.325228,9.822681
1755067247159,0.035128,-0.326646,9.830458
1755067247162,0.039935,-0.32339,9.832603
1755067247164,0.046074,-0.306946,9.828274
1755067247167,0.038709,-0.312405,9.828151
1755067247168,0.038863,-0.321129,9.832632
1755067247169,0.035252,-0.328082,9.827432
1755067247171,0.023463,-0.334853,9.823572
1755067247174,0.018857,-0.338339,9.818995
1755067247175,0.018311,-0.327795,9.827021
1755067247177,0.031326,-0.33063,9.825344
1755067247179,0.037828,-0.338234,9.831195
1755067247182,0.044609,-0.342112,9.836635
1755067247184,0.035013,-0.339833,9.83902
1755067247185,0.033509,-0.329816,9.830343
1755067247187,0.019604,-0.323313,9.819733
1755067247189,0.019498,-0.328073,9.814943
1755067247191,0.025618,-0.329452,9.819827
1755067247193,0.025953,-0.329442,9.822106
1755067247195,0.027131,-0.336845,9.825851
1755067247198,0.020906,-0.338377,9.832518
1755067247200,0.022458,-0.33538,9.830353
1755067247202,0.012718,-0.337448,9.826752
1755067247204,0.019834,-0.327939,9.829193
1755067247206,0.030665,-0.319425,9.837698
1755067247207,0.032475,-0.320689,9.842649
1755067247209,0.038336,-0.328504,9.840936
1755067247212,0.027945,-0.333484,9.831348
1755067247214,0.025742,-0.338952,9.835927
1755067247216,0.03486,-0.327421,9.831932
1755067247218,0.043852,-0.329404,9.826138
